# Stellar profile generated by stellar_profile_fixed.py
# gamma = 1.666667
# G = 1.000000
# polytropic_index_n = 1.500000
# target_radius = 1.000000
# Columns: radius, density, internal_energy
2.7369113285e-09  1.0000000000e+00  5.6478423915e-01
5.4749450042e-04  9.9999899959e-01  5.6478386247e-01
1.0949862639e-03  9.9999599839e-01  5.6478273245e-01
1.6424780274e-03  9.9999099641e-01  5.6478084909e-01
2.1899697909e-03  9.9998399368e-01  5.6477821239e-01
2.7374615544e-03  9.9997499024e-01  5.6477482236e-01
3.2849533179e-03  9.9996398614e-01  5.6477067903e-01
3.8324450815e-03  9.9995098144e-01  5.6476578239e-01
4.3799368450e-03  9.9993597622e-01  5.6476013248e-01
4.9274286085e-03  9.9991897056e-01  5.6475372931e-01
5.4749203720e-03  9.9989996456e-01  5.6474657290e-01
6.0224121355e-03  9.9987895831e-01  5.6473866327e-01
6.5699038990e-03  9.9985595195e-01  5.6473000047e-01
7.1173956625e-03  9.9983094559e-01  5.6472058451e-01
7.6648874260e-03  9.9980393938e-01  5.6471041544e-01
8.2123791895e-03  9.9977493347e-01  5.6469949328e-01
8.7598709530e-03  9.9974392802e-01  5.6468781809e-01
9.3073627165e-03  9.9971092320e-01  5.6467538989e-01
9.8548544800e-03  9.9967591921e-01  5.6466220874e-01
1.0402346244e-02  9.9963891623e-01  5.6464827468e-01
1.0949838007e-02  9.9959991447e-01  5.6463358777e-01
1.1497329771e-02  9.9955891416e-01  5.6461814805e-01
1.2044821534e-02  9.9951591552e-01  5.6460195558e-01
1.2592313298e-02  9.9947091879e-01  5.6458501043e-01
1.3139805061e-02  9.9942392422e-01  5.6456731264e-01
1.3687296825e-02  9.9937493208e-01  5.6454886229e-01
1.4234788588e-02  9.9932394264e-01  5.6452965943e-01
1.4782280352e-02  9.9927095619e-01  5.6450970415e-01
1.5329772115e-02  9.9921597302e-01  5.6448899651e-01
1.5877263879e-02  9.9915899345e-01  5.6446753658e-01
1.6424755642e-02  9.9910001779e-01  5.6444532445e-01
1.6972247406e-02  9.9903904637e-01  5.6442236020e-01
1.7519739169e-02  9.9897607953e-01  5.6439864390e-01
1.8067230933e-02  9.9891111763e-01  5.6437417564e-01
1.8614722696e-02  9.9884416102e-01  5.6434895551e-01
1.9162214460e-02  9.9877521009e-01  5.6432298360e-01
1.9709706223e-02  9.9870426522e-01  5.6429626001e-01
2.0257197987e-02  9.9863132680e-01  5.6426878482e-01
2.0804689750e-02  9.9855639525e-01  5.6424055815e-01
2.1352181514e-02  9.9847947098e-01  5.6421158008e-01
2.1899673277e-02  9.9840055442e-01  5.6418185073e-01
2.2447165041e-02  9.9831964603e-01  5.6415137020e-01
2.2994656804e-02  9.9823674624e-01  5.6412013860e-01
2.3542148568e-02  9.9815185553e-01  5.6408815605e-01
2.4089640331e-02  9.9806497437e-01  5.6405542266e-01
2.4637132095e-02  9.9797610324e-01  5.6402193854e-01
2.5184623858e-02  9.9788524265e-01  5.6398770382e-01
2.5732115622e-02  9.9779239309e-01  5.6395271862e-01
2.6279607385e-02  9.9769755509e-01  5.6391698307e-01
2.6827099149e-02  9.9760072918e-01  5.6388049729e-01
2.7374590912e-02  9.9750191590e-01  5.6384326142e-01
2.7922082676e-02  9.9740111580e-01  5.6380527558e-01
2.8469574439e-02  9.9729832945e-01  5.6376653993e-01
2.9017066203e-02  9.9719355742e-01  5.6372705458e-01
2.9564557966e-02  9.9708680030e-01  5.6368681970e-01
3.0112049730e-02  9.9697805869e-01  5.6364583542e-01
3.0659541493e-02  9.9686733320e-01  5.6360410189e-01
3.1207033257e-02  9.9675462444e-01  5.6356161927e-01
3.1754525020e-02  9.9663993304e-01  5.6351838769e-01
3.2302016784e-02  9.9652325965e-01  5.6347440732e-01
3.2849508547e-02  9.9640460492e-01  5.6342967832e-01
3.3397000311e-02  9.9628396950e-01  5.6338420085e-01
3.3944492074e-02  9.9616135407e-01  5.6333797507e-01
3.4491983838e-02  9.9603675932e-01  5.6329100114e-01
3.5039475601e-02  9.9591018594e-01  5.6324327923e-01
3.5586967365e-02  9.9578163465e-01  5.6319480953e-01
3.6134459128e-02  9.9565110615e-01  5.6314559219e-01
3.6681950892e-02  9.9551860118e-01  5.6309562741e-01
3.7229442655e-02  9.9538412049e-01  5.6304491535e-01
3.7776934419e-02  9.9524766481e-01  5.6299345620e-01
3.8324426182e-02  9.9510923492e-01  5.6294125014e-01
3.8871917946e-02  9.9496883158e-01  5.6288829737e-01
3.9419409709e-02  9.9482645559e-01  5.6283459807e-01
3.9966901473e-02  9.9468210774e-01  5.6278015244e-01
4.0514393236e-02  9.9453578883e-01  5.6272496067e-01
4.1061885000e-02  9.9438749968e-01  5.6266902296e-01
4.1609376763e-02  9.9423724111e-01  5.6261233951e-01
4.2156868527e-02  9.9408501397e-01  5.6255491053e-01
4.2704360290e-02  9.9393081909e-01  5.6249673621e-01
4.3251852054e-02  9.9377465736e-01  5.6243781677e-01
4.3799343817e-02  9.9361652962e-01  5.6237815243e-01
4.4346835581e-02  9.9345643677e-01  5.6231774338e-01
4.4894327344e-02  9.9329437970e-01  5.6225658986e-01
4.5441819108e-02  9.9313035931e-01  5.6219469207e-01
4.5989310871e-02  9.9296437652e-01  5.6213205025e-01
4.6536802635e-02  9.9279643226e-01  5.6206866461e-01
4.7084294398e-02  9.9262652745e-01  5.6200453539e-01
4.7631786162e-02  9.9245466306e-01  5.6193966282e-01
4.8179277925e-02  9.9228084003e-01  5.6187404712e-01
4.8726769689e-02  9.9210505934e-01  5.6180768854e-01
4.9274261452e-02  9.9192732197e-01  5.6174058731e-01
4.9821753216e-02  9.9174762890e-01  5.6167274368e-01
5.0369244979e-02  9.9156598115e-01  5.6160415788e-01
5.0916736743e-02  9.9138237972e-01  5.6153483016e-01
5.1464228506e-02  9.9119682564e-01  5.6146476077e-01
5.2011720270e-02  9.9100931993e-01  5.6139394997e-01
5.2559212033e-02  9.9081986364e-01  5.6132239800e-01
5.3106703797e-02  9.9062845783e-01  5.6125010512e-01
5.3654195561e-02  9.9043510355e-01  5.6117707159e-01
5.4201687324e-02  9.9023980189e-01  5.6110329768e-01
5.4749179088e-02  9.9004255394e-01  5.6102878364e-01
5.5296670851e-02  9.8984336078e-01  5.6095352974e-01
5.5844162615e-02  9.8964222353e-01  5.6087753625e-01
5.6391654378e-02  9.8943914332e-01  5.6080080345e-01
5.6939146142e-02  9.8923412125e-01  5.6072333161e-01
5.7486637905e-02  9.8902715849e-01  5.6064512101e-01
5.8034129669e-02  9.8881825618e-01  5.6056617192e-01
5.8581621432e-02  9.8860741548e-01  5.6048648464e-01
5.9129113196e-02  9.8839463757e-01  5.6040605944e-01
5.9676604959e-02  9.8817992362e-01  5.6032489661e-01
6.0224096723e-02  9.8796327484e-01  5.6024299645e-01
6.0771588486e-02  9.8774469243e-01  5.6016035925e-01
6.1319080250e-02  9.8752417761e-01  5.6007698530e-01
6.1866572013e-02  9.8730173159e-01  5.5999287491e-01
6.2414063777e-02  9.8707735563e-01  5.5990802837e-01
6.2961555540e-02  9.8685105096e-01  5.5982244599e-01
6.3509047304e-02  9.8662281883e-01  5.5973612807e-01
6.4056539067e-02  9.8639266052e-01  5.5964907493e-01
6.4604030831e-02  9.8616057731e-01  5.5956128686e-01
6.5151522594e-02  9.8592657047e-01  5.5947276420e-01
6.5699014358e-02  9.8569064132e-01  5.5938350724e-01
6.6246506121e-02  9.8545279115e-01  5.5929351632e-01
6.6793997885e-02  9.8521302128e-01  5.5920279175e-01
6.7341489648e-02  9.8497133306e-01  5.5911133386e-01
6.7888981412e-02  9.8472772781e-01  5.5901914298e-01
6.8436473175e-02  9.8448220689e-01  5.5892621942e-01
6.8983964939e-02  9.8423477166e-01  5.5883256354e-01
6.9531456702e-02  9.8398542349e-01  5.5873817565e-01
7.0078948466e-02  9.8373416376e-01  5.5864305610e-01
7.0626440229e-02  9.8348099387e-01  5.5854720523e-01
7.1173931993e-02  9.8322591522e-01  5.5845062337e-01
7.1721423756e-02  9.8296892922e-01  5.5835331088e-01
7.2268915520e-02  9.8271003731e-01  5.5825526811e-01
7.2816407283e-02  9.8244924090e-01  5.5815649539e-01
7.3363899047e-02  9.8218654145e-01  5.5805699309e-01
7.3911390810e-02  9.8192194042e-01  5.5795676156e-01
7.4458882574e-02  9.8165543926e-01  5.5785580116e-01
7.5006374337e-02  9.8138703946e-01  5.5775411225e-01
7.5553866101e-02  9.8111674251e-01  5.5765169519e-01
7.6101357864e-02  9.8084454989e-01  5.5754855035e-01
7.6648849628e-02  9.8057046311e-01  5.5744467810e-01
7.7196341391e-02  9.8029448370e-01  5.5734007880e-01
7.7743833155e-02  9.8001661316e-01  5.5723475283e-01
7.8291324918e-02  9.7973685305e-01  5.5712870056e-01
7.8838816682e-02  9.7945520490e-01  5.5702192237e-01
7.9386308445e-02  9.7917167028e-01  5.5691441865e-01
7.9933800209e-02  9.7888625074e-01  5.5680618977e-01
8.0481291972e-02  9.7859894786e-01  5.5669723612e-01
8.1028783736e-02  9.7830976323e-01  5.5658755809e-01
8.1576275499e-02  9.7801869845e-01  5.5647715606e-01
8.2123767263e-02  9.7772575513e-01  5.5636603043e-01
8.2671259026e-02  9.7743093487e-01  5.5625418161e-01
8.3218750790e-02  9.7713423931e-01  5.5614160997e-01
8.3766242553e-02  9.7683567008e-01  5.5602831593e-01
8.4313734317e-02  9.7653522884e-01  5.5591429989e-01
8.4861226080e-02  9.7623291723e-01  5.5579956225e-01
8.5408717844e-02  9.7592873693e-01  5.5568410343e-01
8.5956209607e-02  9.7562268961e-01  5.5556792382e-01
8.6503701371e-02  9.7531477696e-01  5.5545102386e-01
8.7051193134e-02  9.7500500067e-01  5.5533340394e-01
8.7598684898e-02  9.7469336247e-01  5.5521506449e-01
8.8146176661e-02  9.7437986405e-01  5.5509600594e-01
8.8693668425e-02  9.7406450716e-01  5.5497622870e-01
8.9241160188e-02  9.7374729352e-01  5.5485573320e-01
8.9788651952e-02  9.7342822488e-01  5.5473451987e-01
9.0336143715e-02  9.7310730301e-01  5.5461258914e-01
9.0883635479e-02  9.7278452967e-01  5.5448994144e-01
9.1431127242e-02  9.7245990664e-01  5.5436657721e-01
9.1978619006e-02  9.7213343570e-01  5.5424249689e-01
9.2526110769e-02  9.7180511866e-01  5.5411770092e-01
9.3073602533e-02  9.7147495730e-01  5.5399218974e-01
9.3621094296e-02  9.7114295346e-01  5.5386596380e-01
9.4168586060e-02  9.7080910895e-01  5.5373902354e-01
9.4716077823e-02  9.7047342560e-01  5.5361136941e-01
9.5263569587e-02  9.7013590526e-01  5.5348300187e-01
9.5811061350e-02  9.6979654979e-01  5.5335392137e-01
9.6358553114e-02  9.6945536104e-01  5.5322412837e-01
9.6906044877e-02  9.6911234089e-01  5.5309362333e-01
9.7453536641e-02  9.6876749122e-01  5.5296240671e-01
9.8001028405e-02  9.6842081392e-01  5.5283047898e-01
9.8548520168e-02  9.6807231090e-01  5.5269784060e-01
9.9096011932e-02  9.6772198406e-01  5.5256449204e-01
9.9643503695e-02  9.6736983532e-01  5.5243043378e-01
1.0019099546e-01  9.6701586661e-01  5.5229566629e-01
1.0073848722e-01  9.6666007988e-01  5.5216019004e-01
1.0128597899e-01  9.6630247707e-01  5.5202400552e-01
1.0183347075e-01  9.6594306015e-01  5.5188711320e-01
1.0238096251e-01  9.6558183107e-01  5.5174951358e-01
1.0292845428e-01  9.6521879181e-01  5.5161120714e-01
1.0347594604e-01  9.6485394438e-01  5.5147219436e-01
1.0402343780e-01  9.6448729075e-01  5.5133247574e-01
1.0457092957e-01  9.6411883294e-01  5.5119205178e-01
1.0511842133e-01  9.6374857296e-01  5.5105092296e-01
1.0566591309e-01  9.6337651284e-01  5.5090908980e-01
1.0621340486e-01  9.6300265461e-01  5.5076655278e-01
1.0676089662e-01  9.6262700031e-01  5.5062331242e-01
1.0730838838e-01  9.6224955201e-01  5.5047936922e-01
1.0785588015e-01  9.6187031176e-01  5.5033472368e-01
1.0840337191e-01  9.6148928163e-01  5.5018937633e-01
1.0895086367e-01  9.6110646371e-01  5.5004332767e-01
1.0949835544e-01  9.6072186008e-01  5.4989657821e-01
1.1004584720e-01  9.6033547285e-01  5.4974912849e-01
1.1059333897e-01  9.5994730413e-01  5.4960097902e-01
1.1114083073e-01  9.5955735604e-01  5.4945213031e-01
1.1168832249e-01  9.5916563070e-01  5.4930258291e-01
1.1223581426e-01  9.5877213024e-01  5.4915233732e-01
1.1278330602e-01  9.5837685682e-01  5.4900139409e-01
1.1333079778e-01  9.5797981257e-01  5.4884975375e-01
1.1387828955e-01  9.5758099967e-01  5.4869741682e-01
1.1442578131e-01  9.5718042029e-01  5.4854438385e-01
1.1497327307e-01  9.5677807660e-01  5.4839065537e-01
1.1552076484e-01  9.5637397080e-01  5.4823623193e-01
1.1606825660e-01  9.5596810509e-01  5.4808111406e-01
1.1661574836e-01  9.5556048166e-01  5.4792530232e-01
1.1716324013e-01  9.5515110275e-01  5.4776879726e-01
1.1771073189e-01  9.5473997057e-01  5.4761159941e-01
1.1825822365e-01  9.5432708735e-01  5.4745370935e-01
1.1880571542e-01  9.5391245534e-01  5.4729512761e-01
1.1935320718e-01  9.5349607679e-01  5.4713585476e-01
1.1990069894e-01  9.5307795396e-01  5.4697589136e-01
1.2044819071e-01  9.5265808912e-01  5.4681523796e-01
1.2099568247e-01  9.5223648455e-01  5.4665389514e-01
1.2154317424e-01  9.5181314253e-01  5.4649186347e-01
1.2209066600e-01  9.5138806536e-01  5.4632914350e-01
1.2263815776e-01  9.5096125534e-01  5.4616573580e-01
1.2318564953e-01  9.5053271479e-01  5.4600164097e-01
1.2373314129e-01  9.5010244602e-01  5.4583685956e-01
1.2428063305e-01  9.4967045137e-01  5.4567139216e-01
1.2482812482e-01  9.4923673318e-01  5.4550523934e-01
1.2537561658e-01  9.4880129378e-01  5.4533840169e-01
1.2592310834e-01  9.4836413555e-01  5.4517087980e-01
1.2647060011e-01  9.4792526084e-01  5.4500267425e-01
1.2701809187e-01  9.4748467203e-01  5.4483378563e-01
1.2756558363e-01  9.4704237150e-01  5.4466421453e-01
1.2811307540e-01  9.4659836163e-01  5.4449396154e-01
1.2866056716e-01  9.4615264484e-01  5.4432302727e-01
1.2920805892e-01  9.4570522353e-01  5.4415141231e-01
1.2975555069e-01  9.4525610011e-01  5.4397911726e-01
1.3030304245e-01  9.4480527701e-01  5.4380614273e-01
1.3085053421e-01  9.4435275666e-01  5.4363248932e-01
1.3139802598e-01  9.4389854151e-01  5.4345815763e-01
1.3194551774e-01  9.4344263400e-01  5.4328314828e-01
1.3249300951e-01  9.4298503660e-01  5.4310746188e-01
1.3304050127e-01  9.4252575178e-01  5.4293109905e-01
1.3358799303e-01  9.4206478200e-01  5.4275406040e-01
1.3413548480e-01  9.4160212976e-01  5.4257634655e-01
1.3468297656e-01  9.4113779755e-01  5.4239795812e-01
1.3523046832e-01  9.4067178786e-01  5.4221889574e-01
1.3577796009e-01  9.4020410322e-01  5.4203916003e-01
1.3632545185e-01  9.3973474614e-01  5.4185875162e-01
1.3687294361e-01  9.3926371914e-01  5.4167767114e-01
1.3742043538e-01  9.3879102476e-01  5.4149591922e-01
1.3796792714e-01  9.3831666552e-01  5.4131349649e-01
1.3851541890e-01  9.3784064397e-01  5.4113040359e-01
1.3906291067e-01  9.3736296266e-01  5.4094664115e-01
1.3961040243e-01  9.3688362417e-01  5.4076220982e-01
1.4015789419e-01  9.3640263107e-01  5.4057711023e-01
1.4070538596e-01  9.3591998593e-01  5.4039134304e-01
1.4125287772e-01  9.3543569135e-01  5.4020490889e-01
1.4180036948e-01  9.3494974992e-01  5.4001780842e-01
1.4234786125e-01  9.3446216425e-01  5.3983004230e-01
1.4289535301e-01  9.3397293694e-01  5.3964161116e-01
1.4344284478e-01  9.3348207062e-01  5.3945251568e-01
1.4399033654e-01  9.3298956791e-01  5.3926275650e-01
1.4453782830e-01  9.3249543146e-01  5.3907233428e-01
1.4508532007e-01  9.3199966390e-01  5.3888124969e-01
1.4563281183e-01  9.3150226788e-01  5.3868950338e-01
1.4618030359e-01  9.3100324606e-01  5.3849709604e-01
1.4672779536e-01  9.3050260112e-01  5.3830402831e-01
1.4727528712e-01  9.3000033571e-01  5.3811030088e-01
1.4782277888e-01  9.2949645253e-01  5.3791591441e-01
1.4837027065e-01  9.2899095426e-01  5.3772086958e-01
1.4891776241e-01  9.2848384360e-01  5.3752516706e-01
1.4946525417e-01  9.2797512326e-01  5.3732880754e-01
1.5001274594e-01  9.2746479594e-01  5.3713179169e-01
1.5056023770e-01  9.2695286436e-01  5.3693412020e-01
1.5110772946e-01  9.2643933126e-01  5.3673579375e-01
1.5165522123e-01  9.2592419937e-01  5.3653681302e-01
1.5220271299e-01  9.2540747142e-01  5.3633717871e-01
1.5275020476e-01  9.2488915018e-01  5.3613689151e-01
1.5329769652e-01  9.2436923839e-01  5.3593595211e-01
1.5384518828e-01  9.2384773883e-01  5.3573436120e-01
1.5439268005e-01  9.2332465425e-01  5.3553211948e-01
1.5494017181e-01  9.2279998746e-01  5.3532922765e-01
1.5548766357e-01  9.2227374122e-01  5.3512568642e-01
1.5603515534e-01  9.2174591834e-01  5.3492149648e-01
1.5658264710e-01  9.2121652162e-01  5.3471665854e-01
1.5713013886e-01  9.2068555387e-01  5.3451117331e-01
1.5767763063e-01  9.2015301791e-01  5.3430504150e-01
1.5822512239e-01  9.1961891655e-01  5.3409826382e-01
1.5877261415e-01  9.1908325264e-01  5.3389084098e-01
1.5932010592e-01  9.1854602901e-01  5.3368277371e-01
1.5986759768e-01  9.1800724851e-01  5.3347406271e-01
1.6041508944e-01  9.1746691399e-01  5.3326470871e-01
1.6096258121e-01  9.1692502832e-01  5.3305471243e-01
1.6151007297e-01  9.1638159436e-01  5.3284407459e-01
1.6205756473e-01  9.1583661499e-01  5.3263279593e-01
1.6260505650e-01  9.1529009309e-01  5.3242087716e-01
1.6315254826e-01  9.1474203153e-01  5.3220831902e-01
1.6370004003e-01  9.1419243321e-01  5.3199512223e-01
1.6424753179e-01  9.1364130103e-01  5.3178128753e-01
1.6479502355e-01  9.1308863790e-01  5.3156681565e-01
1.6534251532e-01  9.1253444673e-01  5.3135170733e-01
1.6589000708e-01  9.1197873045e-01  5.3113596331e-01
1.6643749884e-01  9.1142149198e-01  5.3091958433e-01
1.6698499061e-01  9.1086273427e-01  5.3070257114e-01
1.6753248237e-01  9.1030246025e-01  5.3048492448e-01
1.6807997413e-01  9.0974067288e-01  5.3026664509e-01
1.6862746590e-01  9.0917737510e-01  5.3004773373e-01
1.6917495766e-01  9.0861256989e-01  5.2982819114e-01
1.6972244942e-01  9.0804626021e-01  5.2960801809e-01
1.7026994119e-01  9.0747844904e-01  5.2938721531e-01
1.7081743295e-01  9.0690913936e-01  5.2916578358e-01
1.7136492471e-01  9.0633833415e-01  5.2894372364e-01
1.7191241648e-01  9.0576603642e-01  5.2872103627e-01
1.7245990824e-01  9.0519224916e-01  5.2849772221e-01
1.7300740000e-01  9.0461697539e-01  5.2827378224e-01
1.7355489177e-01  9.0404021811e-01  5.2804921711e-01
1.7410238353e-01  9.0346198035e-01  5.2782402761e-01
1.7464987530e-01  9.0288226514e-01  5.2759821449e-01
1.7519736706e-01  9.0230107550e-01  5.2737177852e-01
1.7574485882e-01  9.0171841448e-01  5.2714472049e-01
1.7629235059e-01  9.0113428513e-01  5.2691704117e-01
1.7683984235e-01  9.0054869050e-01  5.2668874133e-01
1.7738733411e-01  8.9996163365e-01  5.2645982175e-01
1.7793482588e-01  8.9937311764e-01  5.2623028322e-01
1.7848231764e-01  8.9878314554e-01  5.2600012651e-01
1.7902980940e-01  8.9819172045e-01  5.2576935241e-01
1.7957730117e-01  8.9759884543e-01  5.2553796171e-01
1.8012479293e-01  8.9700452357e-01  5.2530595520e-01
1.8067228469e-01  8.9640875799e-01  5.2507333365e-01
1.8121977646e-01  8.9581155178e-01  5.2484009788e-01
1.8176726822e-01  8.9521290805e-01  5.2460624867e-01
1.8231475998e-01  8.9461282991e-01  5.2437178681e-01
1.8286225175e-01  8.9401132049e-01  5.2413671311e-01
1.8340974351e-01  8.9340838292e-01  5.2390102836e-01
1.8395723527e-01  8.9280402033e-01  5.2366473337e-01
1.8450472704e-01  8.9219823587e-01  5.2342782893e-01
1.8505221880e-01  8.9159103267e-01  5.2319031586e-01
1.8559971057e-01  8.9098241389e-01  5.2295219497e-01
1.8614720233e-01  8.9037238269e-01  5.2271346705e-01
1.8669469409e-01  8.8976094225e-01  5.2247413292e-01
1.8724218586e-01  8.8914809571e-01  5.2223419339e-01
1.8778967762e-01  8.8853384628e-01  5.2199364928e-01
1.8833716938e-01  8.8791819711e-01  5.2175250140e-01
1.8888466115e-01  8.8730115138e-01  5.2151075056e-01
1.8943215291e-01  8.8668271229e-01  5.2126839759e-01
1.8997964467e-01  8.8606288304e-01  5.2102544330e-01
1.9052713644e-01  8.8544166683e-01  5.2078188851e-01
1.9107462820e-01  8.8481906687e-01  5.2053773405e-01
1.9162211996e-01  8.8419508637e-01  5.2029298075e-01
1.9216961173e-01  8.8356972857e-01  5.2004762944e-01
1.9271710349e-01  8.8294299668e-01  5.1980168093e-01
1.9326459525e-01  8.8231489393e-01  5.1955513608e-01
1.9381208702e-01  8.8168542357e-01  5.1930799569e-01
1.9435957878e-01  8.8105458883e-01  5.1906026062e-01
1.9490707055e-01  8.8042239296e-01  5.1881193170e-01
1.9545456231e-01  8.7978883921e-01  5.1856300975e-01
1.9600205407e-01  8.7915393085e-01  5.1831349564e-01
1.9654954584e-01  8.7851767113e-01  5.1806339018e-01
1.9709703760e-01  8.7788006332e-01  5.1781269423e-01
1.9764452936e-01  8.7724111070e-01  5.1756140864e-01
1.9819202113e-01  8.7660081655e-01  5.1730953423e-01
1.9873951289e-01  8.7595918415e-01  5.1705707187e-01
1.9928700465e-01  8.7531621678e-01  5.1680402241e-01
1.9983449642e-01  8.7467191775e-01  5.1655038668e-01
2.0038198818e-01  8.7402629035e-01  5.1629616556e-01
2.0092947994e-01  8.7337933789e-01  5.1604135987e-01
2.0147697171e-01  8.7273106368e-01  5.1578597050e-01
2.0202446347e-01  8.7208147103e-01  5.1552999828e-01
2.0257195523e-01  8.7143056326e-01  5.1527344409e-01
2.0311944700e-01  8.7077834369e-01  5.1501630878e-01
2.0366693876e-01  8.7012481567e-01  5.1475859321e-01
2.0421443052e-01  8.6946998251e-01  5.1450029824e-01
2.0476192229e-01  8.6881384757e-01  5.1424142475e-01
2.0530941405e-01  8.6815641419e-01  5.1398197360e-01
2.0585690582e-01  8.6749768571e-01  5.1372194565e-01
2.0640439758e-01  8.6683766550e-01  5.1346134178e-01
2.0695188934e-01  8.6617635690e-01  5.1320016286e-01
2.0749938111e-01  8.6551376330e-01  5.1293840977e-01
2.0804687287e-01  8.6484988805e-01  5.1267608337e-01
2.0859436463e-01  8.6418473454e-01  5.1241318455e-01
2.0914185640e-01  8.6351830614e-01  5.1214971418e-01
2.0968934816e-01  8.6285060624e-01  5.1188567315e-01
2.1023683992e-01  8.6218163822e-01  5.1162106233e-01
2.1078433169e-01  8.6151140548e-01  5.1135588261e-01
2.1133182345e-01  8.6083991143e-01  5.1109013488e-01
2.1187931521e-01  8.6016715946e-01  5.1082382001e-01
2.1242680698e-01  8.5949315298e-01  5.1055693891e-01
2.1297429874e-01  8.5881789540e-01  5.1028949245e-01
2.1352179050e-01  8.5814139012e-01  5.1002148152e-01
2.1406928227e-01  8.5746364057e-01  5.0975290701e-01
2.1461677403e-01  8.5678465017e-01  5.0948376983e-01
2.1516426579e-01  8.5610442235e-01  5.0921407086e-01
2.1571175756e-01  8.5542296054e-01  5.0894381100e-01
2.1625924932e-01  8.5474026819e-01  5.0867299115e-01
2.1680674109e-01  8.5405634874e-01  5.0840161220e-01
2.1735423285e-01  8.5337120563e-01  5.0812967507e-01
2.1790172461e-01  8.5268484231e-01  5.0785718065e-01
2.1844921638e-01  8.5199726224e-01  5.0758412985e-01
2.1899670814e-01  8.5130846888e-01  5.0731052357e-01
2.1954419990e-01  8.5061846569e-01  5.0703636272e-01
2.2009169167e-01  8.4992725614e-01  5.0676164820e-01
2.2063918343e-01  8.4923484370e-01  5.0648638093e-01
2.2118667519e-01  8.4854123183e-01  5.0621056182e-01
2.2173416696e-01  8.4784642403e-01  5.0593419177e-01
2.2228165872e-01  8.4715042377e-01  5.0565727171e-01
2.2282915048e-01  8.4645323453e-01  5.0537980255e-01
2.2337664225e-01  8.4575485982e-01  5.0510178520e-01
2.2392413401e-01  8.4505530312e-01  5.0482322059e-01
2.2447162577e-01  8.4435456794e-01  5.0454410962e-01
2.2501911754e-01  8.4365265776e-01  5.0426445323e-01
2.2556660930e-01  8.4294957611e-01  5.0398425233e-01
2.2611410106e-01  8.4224532648e-01  5.0370350785e-01
2.2666159283e-01  8.4153991240e-01  5.0342222071e-01
2.2720908459e-01  8.4083333738e-01  5.0314039185e-01
2.2775657636e-01  8.4012560493e-01  5.0285802217e-01
2.2830406812e-01  8.3941671859e-01  5.0257511263e-01
2.2885155988e-01  8.3870668189e-01  5.0229166413e-01
2.2939905165e-01  8.3799549835e-01  5.0200767763e-01
2.2994654341e-01  8.3728317151e-01  5.0172315405e-01
2.3049403517e-01  8.3656970491e-01  5.0143809432e-01
2.3104152694e-01  8.3585510210e-01  5.0115249938e-01
2.3158901870e-01  8.3513936661e-01  5.0086637018e-01
2.3213651046e-01  8.3442250201e-01  5.0057970764e-01
2.3268400223e-01  8.3370451185e-01  5.0029251271e-01
2.3323149399e-01  8.3298539968e-01  5.0000478632e-01
2.3377898575e-01  8.3226516906e-01  4.9971652943e-01
2.3432647752e-01  8.3154382356e-01  4.9942774298e-01
2.3487396928e-01  8.3082136676e-01  4.9913842791e-01
2.3542146104e-01  8.3009780221e-01  4.9884858517e-01
2.3596895281e-01  8.2937313350e-01  4.9855821571e-01
2.3651644457e-01  8.2864736421e-01  4.9826732047e-01
2.3706393634e-01  8.2792049791e-01  4.9797590042e-01
2.3761142810e-01  8.2719253819e-01  4.9768395649e-01
2.3815891986e-01  8.2646348861e-01  4.9739148964e-01
2.3870641163e-01  8.2573335278e-01  4.9709850082e-01
2.3925390339e-01  8.2500213429e-01  4.9680499099e-01
2.3980139515e-01  8.2426983673e-01  4.9651096111e-01
2.4034888692e-01  8.2353646372e-01  4.9621641213e-01
2.4089637868e-01  8.2280201884e-01  4.9592134501e-01
2.4144387044e-01  8.2206650571e-01  4.9562576072e-01
2.4199136221e-01  8.2132992794e-01  4.9532966022e-01
2.4253885397e-01  8.2059228913e-01  4.9503304447e-01
2.4308634573e-01  8.1985359291e-01  4.9473591443e-01
2.4363383750e-01  8.1911384288e-01  4.9443827107e-01
2.4418132926e-01  8.1837304268e-01  4.9414011536e-01
2.4472882102e-01  8.1763119591e-01  4.9384144826e-01
2.4527631279e-01  8.1688830621e-01  4.9354227075e-01
2.4582380455e-01  8.1614437720e-01  4.9324258379e-01
2.4637129631e-01  8.1539941251e-01  4.9294238835e-01
2.4691878808e-01  8.1465341579e-01  4.9264168541e-01
2.4746627984e-01  8.1390639065e-01  4.9234047593e-01
2.4801377161e-01  8.1315834074e-01  4.9203876090e-01
2.4856126337e-01  8.1240926971e-01  4.9173654129e-01
2.4910875513e-01  8.1165918119e-01  4.9143381808e-01
2.4965624690e-01  8.1090807882e-01  4.9113059224e-01
2.5020373866e-01  8.1015596627e-01  4.9082686475e-01
2.5075123042e-01  8.0940284717e-01  4.9052263660e-01
2.5129872219e-01  8.0864872519e-01  4.9021790876e-01
2.5184621395e-01  8.0789360397e-01  4.8991268222e-01
2.5239370571e-01  8.0713748718e-01  4.8960695796e-01
2.5294119748e-01  8.0638037847e-01  4.8930073697e-01
2.5348868924e-01  8.0562228152e-01  4.8899402022e-01
2.5403618100e-01  8.0486319997e-01  4.8868680872e-01
2.5458367277e-01  8.0410313752e-01  4.8837910344e-01
2.5513116453e-01  8.0334209781e-01  4.8807090538e-01
2.5567865629e-01  8.0258008453e-01  4.8776221553e-01
2.5622614806e-01  8.0181710136e-01  4.8745303487e-01
2.5677363982e-01  8.0105315196e-01  4.8714336441e-01
2.5732113158e-01  8.0028824002e-01  4.8683320513e-01
2.5786862335e-01  7.9952236922e-01  4.8652255803e-01
2.5841611511e-01  7.9875554324e-01  4.8621142410e-01
2.5896360688e-01  7.9798776578e-01  4.8589980436e-01
2.5951109864e-01  7.9721904052e-01  4.8558769978e-01
2.6005859040e-01  7.9644937115e-01  4.8527511137e-01
2.6060608217e-01  7.9567876136e-01  4.8496204014e-01
2.6115357393e-01  7.9490721485e-01  4.8464848708e-01
2.6170106569e-01  7.9413473532e-01  4.8433445320e-01
2.6224855746e-01  7.9336132645e-01  4.8401993949e-01
2.6279604922e-01  7.9258699194e-01  4.8370494696e-01
2.6334354098e-01  7.9181173548e-01  4.8338947661e-01
2.6389103275e-01  7.9103556080e-01  4.8307352945e-01
2.6443852451e-01  7.9025847159e-01  4.8275710650e-01
2.6498601627e-01  7.8948047155e-01  4.8244020875e-01
2.6553350804e-01  7.8870156441e-01  4.8212283721e-01
2.6608099980e-01  7.8792175387e-01  4.8180499291e-01
2.6662849156e-01  7.8714104364e-01  4.8148667684e-01
2.6717598333e-01  7.8635943744e-01  4.8116789002e-01
2.6772347509e-01  7.8557693899e-01  4.8084863347e-01
2.6827096685e-01  7.8479355199e-01  4.8052890820e-01
2.6881845862e-01  7.8400928016e-01  4.8020871522e-01
2.6936595038e-01  7.8322412723e-01  4.7988805554e-01
2.6991344215e-01  7.8243809692e-01  4.7956693020e-01
2.7046093391e-01  7.8165119295e-01  4.7924534019e-01
2.7100842567e-01  7.8086341904e-01  4.7892328655e-01
2.7155591744e-01  7.8007477891e-01  4.7860077029e-01
2.7210340920e-01  7.7928527629e-01  4.7827779243e-01
2.7265090096e-01  7.7849491492e-01  4.7795435399e-01
2.7319839273e-01  7.7770369851e-01  4.7763045599e-01
2.7374588449e-01  7.7691163079e-01  4.7730609946e-01
2.7429337625e-01  7.7611871551e-01  4.7698128542e-01
2.7484086802e-01  7.7532495638e-01  4.7665601490e-01
2.7538835978e-01  7.7453035715e-01  4.7633028891e-01
2.7593585154e-01  7.7373492155e-01  4.7600410850e-01
2.7648334331e-01  7.7293865331e-01  4.7567747467e-01
2.7703083507e-01  7.7214155617e-01  4.7535038847e-01
2.7757832683e-01  7.7134363386e-01  4.7502285092e-01
2.7812581860e-01  7.7054489014e-01  4.7469486305e-01
2.7867331036e-01  7.6974532873e-01  4.7436642589e-01
2.7922080213e-01  7.6894495339e-01  4.7403754047e-01
2.7976829389e-01  7.6814376784e-01  4.7370820783e-01
2.8031578565e-01  7.6734177584e-01  4.7337842899e-01
2.8086327742e-01  7.6653898113e-01  4.7304820500e-01
2.8141076918e-01  7.6573538745e-01  4.7271753689e-01
2.8195826094e-01  7.6493099856e-01  4.7238642570e-01
2.8250575271e-01  7.6412581819e-01  4.7205487245e-01
2.8305324447e-01  7.6331985011e-01  4.7172287819e-01
2.8360073623e-01  7.6251309805e-01  4.7139044396e-01
2.8414822800e-01  7.6170556578e-01  4.7105757080e-01
2.8469571976e-01  7.6089725703e-01  4.7072425975e-01
2.8524321152e-01  7.6008817557e-01  4.7039051184e-01
2.8579070329e-01  7.5927832515e-01  4.7005632813e-01
2.8633819505e-01  7.5846770951e-01  4.6972170964e-01
2.8688568681e-01  7.5765633241e-01  4.6938665743e-01
2.8743317858e-01  7.5684419759e-01  4.6905117254e-01
2.8798067034e-01  7.5603130880e-01  4.6871525600e-01
2.8852816210e-01  7.5521766982e-01  4.6837890887e-01
2.8907565387e-01  7.5440328438e-01  4.6804213219e-01
2.8962314563e-01  7.5358815625e-01  4.6770492701e-01
2.9017063740e-01  7.5277228918e-01  4.6736729437e-01
2.9071812916e-01  7.5195568695e-01  4.6702923533e-01
2.9126562092e-01  7.5113835329e-01  4.6669075094e-01
2.9181311269e-01  7.5032029197e-01  4.6635184224e-01
2.9236060445e-01  7.4950150674e-01  4.6601251028e-01
2.9290809621e-01  7.4868200138e-01  4.6567275612e-01
2.9345558798e-01  7.4786177962e-01  4.6533258081e-01
2.9400307974e-01  7.4704084524e-01  4.6499198540e-01
2.9455057150e-01  7.4621920199e-01  4.6465097093e-01
2.9509806327e-01  7.4539685362e-01  4.6430953848e-01
2.9564555503e-01  7.4457380390e-01  4.6396768908e-01
2.9619304679e-01  7.4375005659e-01  4.6362542380e-01
2.9674053856e-01  7.4292561544e-01  4.6328274369e-01
2.9728803032e-01  7.4210048421e-01  4.6293964980e-01
2.9783552208e-01  7.4127466667e-01  4.6259614320e-01
2.9838301385e-01  7.4044816656e-01  4.6225222493e-01
2.9893050561e-01  7.3962098765e-01  4.6190789606e-01
2.9947799737e-01  7.3879313370e-01  4.6156315765e-01
3.0002548914e-01  7.3796460846e-01  4.6121801075e-01
3.0057298090e-01  7.3713541569e-01  4.6087245643e-01
3.0112047267e-01  7.3630555916e-01  4.6052649574e-01
3.0166796443e-01  7.3547504261e-01  4.6018012974e-01
3.0221545619e-01  7.3464386982e-01  4.5983335950e-01
3.0276294796e-01  7.3381204452e-01  4.5948618608e-01
3.0331043972e-01  7.3297957049e-01  4.5913861054e-01
3.0385793148e-01  7.3214645149e-01  4.5879063395e-01
3.0440542325e-01  7.3131269126e-01  4.5844225736e-01
3.0495291501e-01  7.3047829356e-01  4.5809348184e-01
3.0550040677e-01  7.2964326216e-01  4.5774430847e-01
3.0604789854e-01  7.2880760081e-01  4.5739473830e-01
3.0659539030e-01  7.2797131326e-01  4.5704477239e-01
3.0714288206e-01  7.2713440328e-01  4.5669441183e-01
3.0769037383e-01  7.2629687462e-01  4.5634365767e-01
3.0823786559e-01  7.2545873103e-01  4.5599251098e-01
3.0878535735e-01  7.2461997627e-01  4.5564097283e-01
3.0933284912e-01  7.2378061410e-01  4.5528904430e-01
3.0988034088e-01  7.2294064826e-01  4.5493672645e-01
3.1042783264e-01  7.2210008253e-01  4.5458402035e-01
3.1097532441e-01  7.2125892064e-01  4.5423092707e-01
3.1152281617e-01  7.2041716636e-01  4.5387744768e-01
3.1207030794e-01  7.1957482342e-01  4.5352358326e-01
3.1261779970e-01  7.1873189556e-01  4.5316933487e-01
3.1316529146e-01  7.1788838655e-01  4.5281470358e-01
3.1371278323e-01  7.1704430013e-01  4.5245969047e-01
3.1426027499e-01  7.1619964005e-01  4.5210429661e-01
3.1480776675e-01  7.1535441007e-01  4.5174852309e-01
3.1535525852e-01  7.1450861393e-01  4.5139237096e-01
3.1590275028e-01  7.1366225537e-01  4.5103584131e-01
3.1645024204e-01  7.1281533815e-01  4.5067893522e-01
3.1699773381e-01  7.1196786602e-01  4.5032165375e-01
3.1754522557e-01  7.1111984270e-01  4.4996399799e-01
3.1809271733e-01  7.1027127195e-01  4.4960596901e-01
3.1864020910e-01  7.0942215751e-01  4.4924756790e-01
3.1918770086e-01  7.0857250311e-01  4.4888879571e-01
3.1973519262e-01  7.0772231251e-01  4.4852965355e-01
3.2028268439e-01  7.0687158943e-01  4.4817014247e-01
3.2083017615e-01  7.0602033761e-01  4.4781026356e-01
3.2137766792e-01  7.0516856079e-01  4.4745001791e-01
3.2192515968e-01  7.0431626271e-01  4.4708940658e-01
3.2247265144e-01  7.0346344709e-01  4.4672843066e-01
3.2302014321e-01  7.0261011767e-01  4.4636709123e-01
3.2356763497e-01  7.0175627818e-01  4.4600538936e-01
3.2411512673e-01  7.0090193235e-01  4.4564332615e-01
3.2466261850e-01  7.0004708390e-01  4.4528090266e-01
3.2521011026e-01  6.9919173658e-01  4.4491811998e-01
3.2575760202e-01  6.9833589409e-01  4.4455497920e-01
3.2630509379e-01  6.9747956017e-01  4.4419148139e-01
3.2685258555e-01  6.9662273854e-01  4.4382762763e-01
3.2740007731e-01  6.9576543292e-01  4.4346341901e-01
3.2794756908e-01  6.9490764703e-01  4.4309885662e-01
3.2849506084e-01  6.9404938459e-01  4.4273394153e-01
3.2904255260e-01  6.9319064932e-01  4.4236867483e-01
3.2959004437e-01  6.9233144494e-01  4.4200305760e-01
3.3013753613e-01  6.9147177516e-01  4.4163709093e-01
3.3068502789e-01  6.9061164369e-01  4.4127077590e-01
3.3123251966e-01  6.8975105425e-01  4.4090411359e-01
3.3178001142e-01  6.8889001055e-01  4.4053710510e-01
3.3232750319e-01  6.8802851629e-01  4.4016975151e-01
3.3287499495e-01  6.8716657519e-01  4.3980205390e-01
3.3342248671e-01  6.8630419096e-01  4.3943401336e-01
3.3396997848e-01  6.8544136729e-01  4.3906563098e-01
3.3451747024e-01  6.8457810789e-01  4.3869690784e-01
3.3506496200e-01  6.8371441646e-01  4.3832784504e-01
3.3561245377e-01  6.8285029671e-01  4.3795844366e-01
3.3615994553e-01  6.8198575233e-01  4.3758870478e-01
3.3670743729e-01  6.8112078703e-01  4.3721862950e-01
3.3725492906e-01  6.8025540447e-01  4.3684821890e-01
3.3780242082e-01  6.7938960836e-01  4.3647747406e-01
3.3834991258e-01  6.7852340238e-01  4.3610639608e-01
3.3889740435e-01  6.7765679022e-01  4.3573498605e-01
3.3944489611e-01  6.7678977557e-01  4.3536324505e-01
3.3999238787e-01  6.7592236212e-01  4.3499117417e-01
3.4053987964e-01  6.7505455356e-01  4.3461877451e-01
3.4108737140e-01  6.7418635355e-01  4.3424604715e-01
3.4163486316e-01  6.7331776579e-01  4.3387299319e-01
3.4218235493e-01  6.7244879395e-01  4.3349961371e-01
3.4272984669e-01  6.7157944171e-01  4.3312590980e-01
3.4327733846e-01  6.7070971273e-01  4.3275188256e-01
3.4382483022e-01  6.6983961069e-01  4.3237753307e-01
3.4437232198e-01  6.6896913926e-01  4.3200286243e-01
3.4491981375e-01  6.6809830209e-01  4.3162787172e-01
3.4546730551e-01  6.6722710287e-01  4.3125256204e-01
3.4601479727e-01  6.6635554524e-01  4.3087693448e-01
3.4656228904e-01  6.6548363287e-01  4.3050099013e-01
3.4710978080e-01  6.6461136941e-01  4.3012473007e-01
3.4765727256e-01  6.6373875851e-01  4.2974815541e-01
3.4820476433e-01  6.6286580384e-01  4.2937126722e-01
3.4875225609e-01  6.6199250903e-01  4.2899406661e-01
3.4929974785e-01  6.6111887773e-01  4.2861655466e-01
3.4984723962e-01  6.6024491360e-01  4.2823873247e-01
3.5039473138e-01  6.5937062027e-01  4.2786060112e-01
3.5094222314e-01  6.5849600138e-01  4.2748216171e-01
3.5148971491e-01  6.5762106056e-01  4.2710341533e-01
3.5203720667e-01  6.5674580147e-01  4.2672436307e-01
3.5258469843e-01  6.5587022772e-01  4.2634500602e-01
3.5313219020e-01  6.5499434294e-01  4.2596534528e-01
3.5367968196e-01  6.5411815077e-01  4.2558538194e-01
3.5422717373e-01  6.5324165483e-01  4.2520511708e-01
3.5477466549e-01  6.5236485875e-01  4.2482455181e-01
3.5532215725e-01  6.5148776613e-01  4.2444368721e-01
3.5586964902e-01  6.5061038061e-01  4.2406252438e-01
3.5641714078e-01  6.4973270579e-01  4.2368106440e-01
3.5696463254e-01  6.4885474529e-01  4.2329930838e-01
3.5751212431e-01  6.4797650272e-01  4.2291725740e-01
3.5805961607e-01  6.4709798168e-01  4.2253491255e-01
3.5860710783e-01  6.4621918579e-01  4.2215227494e-01
3.5915459960e-01  6.4534011864e-01  4.2176934564e-01
3.5970209136e-01  6.4446078383e-01  4.2138612576e-01
3.6024958312e-01  6.4358118497e-01  4.2100261639e-01
3.6079707489e-01  6.4270132564e-01  4.2061881863e-01
3.6134456665e-01  6.4182120944e-01  4.2023473355e-01
3.6189205841e-01  6.4094083995e-01  4.1985036227e-01
3.6243955018e-01  6.4006022077e-01  4.1946570586e-01
3.6298704194e-01  6.3917935546e-01  4.1908076542e-01
3.6353453370e-01  6.3829824760e-01  4.1869554205e-01
3.6408202547e-01  6.3741690077e-01  4.1831003682e-01
3.6462951723e-01  6.3653531854e-01  4.1792425085e-01
3.6517700900e-01  6.3565350448e-01  4.1753818521e-01
3.6572450076e-01  6.3477146217e-01  4.1715184100e-01
3.6627199252e-01  6.3388919517e-01  4.1676521932e-01
3.6681948429e-01  6.3300670704e-01  4.1637832126e-01
3.6736697605e-01  6.3212400134e-01  4.1599114791e-01
3.6791446781e-01  6.3124108162e-01  4.1560370037e-01
3.6846195958e-01  6.3035795145e-01  4.1521597972e-01
3.6900945134e-01  6.2947461436e-01  4.1482798705e-01
3.6955694310e-01  6.2859107391e-01  4.1443972347e-01
3.7010443487e-01  6.2770733363e-01  4.1405119006e-01
3.7065192663e-01  6.2682339707e-01  4.1366238792e-01
3.7119941839e-01  6.2593926775e-01  4.1327331812e-01
3.7174691016e-01  6.2505494923e-01  4.1288398178e-01
3.7229440192e-01  6.2417044501e-01  4.1249437997e-01
3.7284189368e-01  6.2328575863e-01  4.1210451379e-01
3.7338938545e-01  6.2240089361e-01  4.1171438433e-01
3.7393687721e-01  6.2151585347e-01  4.1132399267e-01
3.7448436898e-01  6.2063064172e-01  4.1093333992e-01
3.7503186074e-01  6.1974526188e-01  4.1054242716e-01
3.7557935250e-01  6.1885971745e-01  4.1015125548e-01
3.7612684427e-01  6.1797401194e-01  4.0975982597e-01
3.7667433603e-01  6.1708814886e-01  4.0936813973e-01
3.7722182779e-01  6.1620213169e-01  4.0897619783e-01
3.7776931956e-01  6.1531596394e-01  4.0858400137e-01
3.7831681132e-01  6.1442964910e-01  4.0819155144e-01
3.7886430308e-01  6.1354319065e-01  4.0779884913e-01
3.7941179485e-01  6.1265659207e-01  4.0740589553e-01
3.7995928661e-01  6.1176985686e-01  4.0701269172e-01
3.8050677837e-01  6.1088298848e-01  4.0661923880e-01
3.8105427014e-01  6.0999599042e-01  4.0622553785e-01
3.8160176190e-01  6.0910886613e-01  4.0583158997e-01
3.8214925366e-01  6.0822161909e-01  4.0543739623e-01
3.8269674543e-01  6.0733425277e-01  4.0504295774e-01
3.8324423719e-01  6.0644677061e-01  4.0464827557e-01
3.8379172895e-01  6.0555917608e-01  4.0425335081e-01
3.8433922072e-01  6.0467147263e-01  4.0385818456e-01
3.8488671248e-01  6.0378366371e-01  4.0346277789e-01
3.8543420425e-01  6.0289575277e-01  4.0306713190e-01
3.8598169601e-01  6.0200774324e-01  4.0267124768e-01
3.8652918777e-01  6.0111963857e-01  4.0227512630e-01
3.8707667954e-01  6.0023144219e-01  4.0187876887e-01
3.8762417130e-01  5.9934315752e-01  4.0148217645e-01
3.8817166306e-01  5.9845478801e-01  4.0108535015e-01
3.8871915483e-01  5.9756633707e-01  4.0068829104e-01
3.8926664659e-01  5.9667780810e-01  4.0029100021e-01
3.8981413835e-01  5.9578920452e-01  3.9989347874e-01
3.9036163012e-01  5.9490052974e-01  3.9949572771e-01
3.9090912188e-01  5.9401178717e-01  3.9909774821e-01
3.9145661364e-01  5.9312298022e-01  3.9869954133e-01
3.9200410541e-01  5.9223411228e-01  3.9830110815e-01
3.9255159717e-01  5.9134518675e-01  3.9790244975e-01
3.9309908893e-01  5.9045620703e-01  3.9750356722e-01
3.9364658070e-01  5.8956717649e-01  3.9710446164e-01
3.9419407246e-01  5.8867809853e-01  3.9670513409e-01
3.9474156422e-01  5.8778897651e-01  3.9630558566e-01
3.9528905599e-01  5.8689981383e-01  3.9590581742e-01
3.9583654775e-01  5.8601061384e-01  3.9550583047e-01
3.9638403952e-01  5.8512137991e-01  3.9510562588e-01
3.9693153128e-01  5.8423211540e-01  3.9470520472e-01
3.9747902304e-01  5.8334282368e-01  3.9430456809e-01
3.9802651481e-01  5.8245350809e-01  3.9390371706e-01
3.9857400657e-01  5.8156417199e-01  3.9350265271e-01
3.9912149833e-01  5.8067481872e-01  3.9310137613e-01
3.9966899010e-01  5.7978545161e-01  3.9269988838e-01
4.0021648186e-01  5.7889607401e-01  3.9229819055e-01
4.0076397362e-01  5.7800668925e-01  3.9189628371e-01
4.0131146539e-01  5.7711730065e-01  3.9149416895e-01
4.0185895715e-01  5.7622791154e-01  3.9109184734e-01
4.0240644891e-01  5.7533852523e-01  3.9068931995e-01
4.0295394068e-01  5.7444914505e-01  3.9028658787e-01
4.0350143244e-01  5.7355977429e-01  3.8988365216e-01
4.0404892420e-01  5.7267041628e-01  3.8948051392e-01
4.0459641597e-01  5.7178107430e-01  3.8907717420e-01
4.0514390773e-01  5.7089175165e-01  3.8867363408e-01
4.0569139949e-01  5.7000245163e-01  3.8826989465e-01
4.0623889126e-01  5.6911317753e-01  3.8786595697e-01
4.0678638302e-01  5.6822393263e-01  3.8746182211e-01
4.0733387479e-01  5.6733472021e-01  3.8705749116e-01
4.0788136655e-01  5.6644554354e-01  3.8665296517e-01
4.0842885831e-01  5.6555640589e-01  3.8624824523e-01
4.0897635008e-01  5.6466731054e-01  3.8584333241e-01
4.0952384184e-01  5.6377826074e-01  3.8543822778e-01
4.1007133360e-01  5.6288925975e-01  3.8503293240e-01
4.1061882537e-01  5.6200031082e-01  3.8462744736e-01
4.1116631713e-01  5.6111141721e-01  3.8422177371e-01
4.1171380889e-01  5.6022258215e-01  3.8381591254e-01
4.1226130066e-01  5.5933380889e-01  3.8340986490e-01
4.1280879242e-01  5.5844510066e-01  3.8300363187e-01
4.1335628418e-01  5.5755646068e-01  3.8259721453e-01
4.1390377595e-01  5.5666789220e-01  3.8219061392e-01
4.1445126771e-01  5.5577939843e-01  3.8178383113e-01
4.1499875947e-01  5.5489098258e-01  3.8137686723e-01
4.1554625124e-01  5.5400264786e-01  3.8096972326e-01
4.1609374300e-01  5.5311439747e-01  3.8056240030e-01
4.1664123477e-01  5.5222623462e-01  3.8015489942e-01
4.1718872653e-01  5.5133816249e-01  3.7974722167e-01
4.1773621829e-01  5.5045018430e-01  3.7933936812e-01
4.1828371006e-01  5.4956230321e-01  3.7893133985e-01
4.1883120182e-01  5.4867452242e-01  3.7852313790e-01
4.1937869358e-01  5.4778684511e-01  3.7811476335e-01
4.1992618535e-01  5.4689927445e-01  3.7770621725e-01
4.2047367711e-01  5.4601181361e-01  3.7729750068e-01
4.2102116887e-01  5.4512446575e-01  3.7688861468e-01
4.2156866064e-01  5.4423723403e-01  3.7647956032e-01
4.2211615240e-01  5.4335012160e-01  3.7607033867e-01
4.2266364416e-01  5.4246313162e-01  3.7566095077e-01
4.2321113593e-01  5.4157626722e-01  3.7525139769e-01
4.2375862769e-01  5.4068953155e-01  3.7484168049e-01
4.2430611945e-01  5.3980292774e-01  3.7443180022e-01
4.2485361122e-01  5.3891645891e-01  3.7402175794e-01
4.2540110298e-01  5.3803012819e-01  3.7361155471e-01
4.2594859474e-01  5.3714393870e-01  3.7320119158e-01
4.2649608651e-01  5.3625789354e-01  3.7279066961e-01
4.2704357827e-01  5.3537199584e-01  3.7237998985e-01
4.2759107004e-01  5.3448624869e-01  3.7196915336e-01
4.2813856180e-01  5.3360065518e-01  3.7155816118e-01
4.2868605356e-01  5.3271521842e-01  3.7114701437e-01
4.2923354533e-01  5.3182994149e-01  3.7073571399e-01
4.2978103709e-01  5.3094482747e-01  3.7032426108e-01
4.3032852885e-01  5.3005987943e-01  3.6991265669e-01
4.3087602062e-01  5.2917510046e-01  3.6950090187e-01
4.3142351238e-01  5.2829049362e-01  3.6908899768e-01
4.3197100414e-01  5.2740606197e-01  3.6867694517e-01
4.3251849591e-01  5.2652180856e-01  3.6826474537e-01
4.3306598767e-01  5.2563773646e-01  3.6785239934e-01
4.3361347943e-01  5.2475384870e-01  3.6743990812e-01
4.3416097120e-01  5.2387014833e-01  3.6702727276e-01
4.3470846296e-01  5.2298663838e-01  3.6661449431e-01
4.3525595472e-01  5.2210332189e-01  3.6620157381e-01
4.3580344649e-01  5.2122020188e-01  3.6578851231e-01
4.3635093825e-01  5.2033728137e-01  3.6537531084e-01
4.3689843001e-01  5.1945456338e-01  3.6496197045e-01
4.3744592178e-01  5.1857205092e-01  3.6454849219e-01
4.3799341354e-01  5.1768974699e-01  3.6413487709e-01
4.3854090531e-01  5.1680765459e-01  3.6372112620e-01
4.3908839707e-01  5.1592577673e-01  3.6330724056e-01
4.3963588883e-01  5.1504411639e-01  3.6289322121e-01
4.4018338060e-01  5.1416267655e-01  3.6247906918e-01
4.4073087236e-01  5.1328146019e-01  3.6206478551e-01
4.4127836412e-01  5.1240047029e-01  3.6165037125e-01
4.4182585589e-01  5.1151970982e-01  3.6123582743e-01
4.4237334765e-01  5.1063918173e-01  3.6082115508e-01
4.4292083941e-01  5.0975888898e-01  3.6040635524e-01
4.4346833118e-01  5.0887883452e-01  3.5999142894e-01
4.4401582294e-01  5.0799902129e-01  3.5957637721e-01
4.4456331470e-01  5.0711945223e-01  3.5916120110e-01
4.4511080647e-01  5.0624013029e-01  3.5874590162e-01
4.4565829823e-01  5.0536105840e-01  3.5833047982e-01
4.4620578999e-01  5.0448223947e-01  3.5791493672e-01
4.4675328176e-01  5.0360367644e-01  3.5749927336e-01
4.4730077352e-01  5.0272537221e-01  3.5708349077e-01
4.4784826528e-01  5.0184732969e-01  3.5666758997e-01
4.4839575705e-01  5.0096955178e-01  3.5625157199e-01
4.4894324881e-01  5.0009204139e-01  3.5583543786e-01
4.4949074058e-01  4.9921480139e-01  3.5541918861e-01
4.5003823234e-01  4.9833783469e-01  3.5500282526e-01
4.5058572410e-01  4.9746114416e-01  3.5458634883e-01
4.5113321587e-01  4.9658473267e-01  3.5416976035e-01
4.5168070763e-01  4.9570860309e-01  3.5375306085e-01
4.5222819939e-01  4.9483275829e-01  3.5333625134e-01
4.5277569116e-01  4.9395720112e-01  3.5291933284e-01
4.5332318292e-01  4.9308193443e-01  3.5250230638e-01
4.5387067468e-01  4.9220696107e-01  3.5208517298e-01
4.5441816645e-01  4.9133228388e-01  3.5166793366e-01
4.5496565821e-01  4.9045790570e-01  3.5125058942e-01
4.5551314997e-01  4.8958382935e-01  3.5083314130e-01
4.5606064174e-01  4.8871005765e-01  3.5041559030e-01
4.5660813350e-01  4.8783659343e-01  3.4999793744e-01
4.5715562526e-01  4.8696343950e-01  3.4958018374e-01
4.5770311703e-01  4.8609059865e-01  3.4916233022e-01
4.5825060879e-01  4.8521807370e-01  3.4874437787e-01
4.5879810056e-01  4.8434586744e-01  3.4832632772e-01
4.5934559232e-01  4.8347398265e-01  3.4790818077e-01
4.5989308408e-01  4.8260242212e-01  3.4748993805e-01
4.6044057585e-01  4.8173118862e-01  3.4707160055e-01
4.6098806761e-01  4.8086028494e-01  3.4665316928e-01
4.6153555937e-01  4.7998971382e-01  3.4623464526e-01
4.6208305114e-01  4.7911947804e-01  3.4581602949e-01
4.6263054290e-01  4.7824958035e-01  3.4539732298e-01
4.6317803466e-01  4.7738002350e-01  3.4497852673e-01
4.6372552643e-01  4.7651081023e-01  3.4455964174e-01
4.6427301819e-01  4.7564194328e-01  3.4414066903e-01
4.6482050995e-01  4.7477342538e-01  3.4372160959e-01
4.6536800172e-01  4.7390525925e-01  3.4330246443e-01
4.6591549348e-01  4.7303744762e-01  3.4288323455e-01
4.6646298524e-01  4.7216999320e-01  3.4246392094e-01
4.6701047701e-01  4.7130289870e-01  3.4204452461e-01
4.6755796877e-01  4.7043616683e-01  3.4162504656e-01
4.6810546053e-01  4.6956980027e-01  3.4120548778e-01
4.6865295230e-01  4.6870380173e-01  3.4078584928e-01
4.6920044406e-01  4.6783817388e-01  3.4036613204e-01
4.6974793583e-01  4.6697291940e-01  3.3994633706e-01
4.7029542759e-01  4.6610804097e-01  3.3952646534e-01
4.7084291935e-01  4.6524354124e-01  3.3910651786e-01
4.7139041112e-01  4.6437942287e-01  3.3868649562e-01
4.7193790288e-01  4.6351568853e-01  3.3826639960e-01
4.7248539464e-01  4.6265234087e-01  3.3784623081e-01
4.7303288641e-01  4.6178938252e-01  3.3742599022e-01
4.7358037817e-01  4.6092681613e-01  3.3700567884e-01
4.7412786993e-01  4.6006464432e-01  3.3658529764e-01
4.7467536170e-01  4.5920286973e-01  3.3616484761e-01
4.7522285346e-01  4.5834149498e-01  3.3574432975e-01
4.7577034522e-01  4.5748052267e-01  3.3532374502e-01
4.7631783699e-01  4.5661995541e-01  3.3490309443e-01
4.7686532875e-01  4.5575979581e-01  3.3448237894e-01
4.7741282051e-01  4.5490004646e-01  3.3406159954e-01
4.7796031228e-01  4.5404070994e-01  3.3364075722e-01
4.7850780404e-01  4.5318178885e-01  3.3321985295e-01
4.7905529580e-01  4.5232328576e-01  3.3279888771e-01
4.7960278757e-01  4.5146520324e-01  3.3237786247e-01
4.8015027933e-01  4.5060754385e-01  3.3195677823e-01
4.8069777110e-01  4.4975031015e-01  3.3153563594e-01
4.8124526286e-01  4.4889350469e-01  3.3111443658e-01
4.8179275462e-01  4.4803713003e-01  3.3069318114e-01
4.8234024639e-01  4.4718118870e-01  3.3027187057e-01
4.8288773815e-01  4.4632568322e-01  3.2985050586e-01
4.8343522991e-01  4.4547061614e-01  3.2942908797e-01
4.8398272168e-01  4.4461598998e-01  3.2900761787e-01
4.8453021344e-01  4.4376180724e-01  3.2858609653e-01
4.8507770520e-01  4.4290807043e-01  3.2816452492e-01
4.8562519697e-01  4.4205478207e-01  3.2774290400e-01
4.8617268873e-01  4.4120194464e-01  3.2732123475e-01
4.8672018049e-01  4.4034956065e-01  3.2689951811e-01
4.8726767226e-01  4.3949763256e-01  3.2647775507e-01
4.8781516402e-01  4.3864616287e-01  3.2605594658e-01
4.8836265578e-01  4.3779515403e-01  3.2563409359e-01
4.8891014755e-01  4.3694460853e-01  3.2521219708e-01
4.8945763931e-01  4.3609452882e-01  3.2479025800e-01
4.9000513107e-01  4.3524491735e-01  3.2436827731e-01
4.9055262284e-01  4.3439577658e-01  3.2394625596e-01
4.9110011460e-01  4.3354710894e-01  3.2352419492e-01
4.9164760637e-01  4.3269891686e-01  3.2310209514e-01
4.9219509813e-01  4.3185120279e-01  3.2267995757e-01
4.9274258989e-01  4.3100396914e-01  3.2225778316e-01
4.9329008166e-01  4.3015721832e-01  3.2183557287e-01
4.9383757342e-01  4.2931095276e-01  3.2141332765e-01
4.9438506518e-01  4.2846517485e-01  3.2099104845e-01
4.9493255695e-01  4.2761988700e-01  3.2056873622e-01
4.9548004871e-01  4.2677509160e-01  3.2014639190e-01
4.9602754047e-01  4.2593079102e-01  3.1972401645e-01
4.9657503224e-01  4.2508698766e-01  3.1930161080e-01
4.9712252400e-01  4.2424368389e-01  3.1887917592e-01
4.9767001576e-01  4.2340088208e-01  3.1845671272e-01
4.9821750753e-01  4.2255858457e-01  3.1803422217e-01
4.9876499929e-01  4.2171679373e-01  3.1761170519e-01
4.9931249105e-01  4.2087551189e-01  3.1718916273e-01
4.9985998282e-01  4.2003474141e-01  3.1676659573e-01
5.0040747458e-01  4.1919448462e-01  3.1634400513e-01
5.0095496635e-01  4.1835474386e-01  3.1592139186e-01
5.0150245811e-01  4.1751552143e-01  3.1549875686e-01
5.0204994987e-01  4.1667681967e-01  3.1507610106e-01
5.0259744164e-01  4.1583864089e-01  3.1465342540e-01
5.0314493340e-01  4.1500098738e-01  3.1423073082e-01
5.0369242516e-01  4.1416386145e-01  3.1380801823e-01
5.0423991693e-01  4.1332726538e-01  3.1338528858e-01
5.0478740869e-01  4.1249120147e-01  3.1296254280e-01
5.0533490045e-01  4.1165567199e-01  3.1253978180e-01
5.0588239222e-01  4.1082067922e-01  3.1211700652e-01
5.0642988398e-01  4.0998622542e-01  3.1169421788e-01
5.0697737574e-01  4.0915231285e-01  3.1127141682e-01
5.0752486751e-01  4.0831894376e-01  3.1084860424e-01
5.0807235927e-01  4.0748612040e-01  3.1042578107e-01
5.0861985103e-01  4.0665384501e-01  3.1000294824e-01
5.0916734280e-01  4.0582211983e-01  3.0958010666e-01
5.0971483456e-01  4.0499094708e-01  3.0915725726e-01
5.1026232632e-01  4.0416032899e-01  3.0873440094e-01
5.1080981809e-01  4.0333026776e-01  3.0831153863e-01
5.1135730985e-01  4.0250076561e-01  3.0788867124e-01
5.1190480162e-01  4.0167182474e-01  3.0746579968e-01
5.1245229338e-01  4.0084344735e-01  3.0704292488e-01
5.1299978514e-01  4.0001563562e-01  3.0662004773e-01
5.1354727691e-01  3.9918839173e-01  3.0619716915e-01
5.1409476867e-01  3.9836171787e-01  3.0577429005e-01
5.1464226043e-01  3.9753561620e-01  3.0535141133e-01
5.1518975220e-01  3.9671008889e-01  3.0492853391e-01
5.1573724396e-01  3.9588513810e-01  3.0450565869e-01
5.1628473572e-01  3.9506076597e-01  3.0408278657e-01
5.1683222749e-01  3.9423697465e-01  3.0365991846e-01
5.1737971925e-01  3.9341376627e-01  3.0323705526e-01
5.1792721101e-01  3.9259114298e-01  3.0281419787e-01
5.1847470278e-01  3.9176910690e-01  3.0239134719e-01
5.1902219454e-01  3.9094766013e-01  3.0196850412e-01
5.1956968630e-01  3.9012680481e-01  3.0154566955e-01
5.2011717807e-01  3.8930654303e-01  3.0112284439e-01
5.2066466983e-01  3.8848687689e-01  3.0070002952e-01
5.2121216159e-01  3.8766780850e-01  3.0027722585e-01
5.2175965336e-01  3.8684933992e-01  2.9985443426e-01
5.2230714512e-01  3.8603147326e-01  2.9943165564e-01
5.2285463689e-01  3.8521421057e-01  2.9900889089e-01
5.2340212865e-01  3.8439755393e-01  2.9858614090e-01
5.2394962041e-01  3.8358150541e-01  2.9816340655e-01
5.2449711218e-01  3.8276606705e-01  2.9774068874e-01
5.2504460394e-01  3.8195124090e-01  2.9731798833e-01
5.2559209570e-01  3.8113702902e-01  2.9689530623e-01
5.2613958747e-01  3.8032343342e-01  2.9647264332e-01
5.2668707923e-01  3.7951045615e-01  2.9605000046e-01
5.2723457099e-01  3.7869809922e-01  2.9562737855e-01
5.2778206276e-01  3.7788636464e-01  2.9520477846e-01
5.2832955452e-01  3.7707525443e-01  2.9478220107e-01
5.2887704628e-01  3.7626477059e-01  2.9435964726e-01
5.2942453805e-01  3.7545491512e-01  2.9393711790e-01
5.2997202981e-01  3.7464569001e-01  2.9351461387e-01
5.3051952157e-01  3.7383709725e-01  2.9309213604e-01
5.3106701334e-01  3.7302913881e-01  2.9266968528e-01
5.3161450510e-01  3.7222181666e-01  2.9224726247e-01
5.3216199686e-01  3.7141513277e-01  2.9182486847e-01
5.3270948863e-01  3.7060908910e-01  2.9140250415e-01
5.3325698039e-01  3.6980368760e-01  2.9098017037e-01
5.3380447216e-01  3.6899893022e-01  2.9055786801e-01
5.3435196392e-01  3.6819481889e-01  2.9013559793e-01
5.3489945568e-01  3.6739135554e-01  2.8971336099e-01
5.3544694745e-01  3.6658854211e-01  2.8929115805e-01
5.3599443921e-01  3.6578638051e-01  2.8886898997e-01
5.3654193097e-01  3.6498487266e-01  2.8844685761e-01
5.3708942274e-01  3.6418402045e-01  2.8802476183e-01
5.3763691450e-01  3.6338382580e-01  2.8760270348e-01
5.3818440626e-01  3.6258429059e-01  2.8718068342e-01
5.3873189803e-01  3.6178541671e-01  2.8675870251e-01
5.3927938979e-01  3.6098720604e-01  2.8633676159e-01
5.3982688155e-01  3.6018966046e-01  2.8591486152e-01
5.4037437332e-01  3.5939278182e-01  2.8549300314e-01
5.4092186508e-01  3.5859657200e-01  2.8507118731e-01
5.4146935684e-01  3.5780103285e-01  2.8464941487e-01
5.4201684861e-01  3.5700616621e-01  2.8422768667e-01
5.4256434037e-01  3.5621197393e-01  2.8380600355e-01
5.4311183213e-01  3.5541845784e-01  2.8338436635e-01
5.4365932390e-01  3.5462561977e-01  2.8296277593e-01
5.4420681566e-01  3.5383346155e-01  2.8254123311e-01
5.4475430743e-01  3.5304198498e-01  2.8211973873e-01
5.4530179919e-01  3.5225119187e-01  2.8169829365e-01
5.4584929095e-01  3.5146108404e-01  2.8127689868e-01
5.4639678272e-01  3.5067166327e-01  2.8085555468e-01
5.4694427448e-01  3.4988293136e-01  2.8043426246e-01
5.4749176624e-01  3.4909489008e-01  2.8001302287e-01
5.4803925801e-01  3.4830754123e-01  2.7959183674e-01
5.4858674977e-01  3.4752088656e-01  2.7917070489e-01
5.4913424153e-01  3.4673492784e-01  2.7874962816e-01
5.4968173330e-01  3.4594966682e-01  2.7832860737e-01
5.5022922506e-01  3.4516510527e-01  2.7790764335e-01
5.5077671682e-01  3.4438124493e-01  2.7748673692e-01
5.5132420859e-01  3.4359808752e-01  2.7706588891e-01
5.5187170035e-01  3.4281563480e-01  2.7664510014e-01
5.5241919211e-01  3.4203388847e-01  2.7622437144e-01
5.5296668388e-01  3.4125285026e-01  2.7580370361e-01
5.5351417564e-01  3.4047252189e-01  2.7538309748e-01
5.5406166741e-01  3.3969290506e-01  2.7496255387e-01
5.5460915917e-01  3.3891400147e-01  2.7454207359e-01
5.5515665093e-01  3.3813581281e-01  2.7412165746e-01
5.5570414270e-01  3.3735834078e-01  2.7370130629e-01
5.5625163446e-01  3.3658158704e-01  2.7328102088e-01
5.5679912622e-01  3.3580555326e-01  2.7286080205e-01
5.5734661799e-01  3.3503024113e-01  2.7244065061e-01
5.5789410975e-01  3.3425565230e-01  2.7202056737e-01
5.5844160151e-01  3.3348178842e-01  2.7160055313e-01
5.5898909328e-01  3.3270865114e-01  2.7118060869e-01
5.5953658504e-01  3.3193624211e-01  2.7076073486e-01
5.6008407680e-01  3.3116456296e-01  2.7034093245e-01
5.6063156857e-01  3.3039361532e-01  2.6992120224e-01
5.6117906033e-01  3.2962340081e-01  2.6950154505e-01
5.6172655209e-01  3.2885392106e-01  2.6908196167e-01
5.6227404386e-01  3.2808517766e-01  2.6866245290e-01
5.6282153562e-01  3.2731717222e-01  2.6824301953e-01
5.6336902738e-01  3.2654990634e-01  2.6782366235e-01
5.6391651915e-01  3.2578338161e-01  2.6740438216e-01
5.6446401091e-01  3.2501759961e-01  2.6698517975e-01
5.6501150268e-01  3.2425256192e-01  2.6656605590e-01
5.6555899444e-01  3.2348827012e-01  2.6614701141e-01
5.6610648620e-01  3.2272472575e-01  2.6572804707e-01
5.6665397797e-01  3.2196193039e-01  2.6530916365e-01
5.6720146973e-01  3.2119988559e-01  2.6489036194e-01
5.6774896149e-01  3.2043859289e-01  2.6447164273e-01
5.6829645326e-01  3.1967805382e-01  2.6405300679e-01
5.6884394502e-01  3.1891826992e-01  2.6363445491e-01
5.6939143678e-01  3.1815924273e-01  2.6321598786e-01
5.6993892855e-01  3.1740097374e-01  2.6279760642e-01
5.7048642031e-01  3.1664346449e-01  2.6237931137e-01
5.7103391207e-01  3.1588671647e-01  2.6196110347e-01
5.7158140384e-01  3.1513073119e-01  2.6154298351e-01
5.7212889560e-01  3.1437551014e-01  2.6112495225e-01
5.7267638736e-01  3.1362105481e-01  2.6070701046e-01
5.7322387913e-01  3.1286736668e-01  2.6028915891e-01
5.7377137089e-01  3.1211444722e-01  2.5987139837e-01
5.7431886265e-01  3.1136229791e-01  2.5945372960e-01
5.7486635442e-01  3.1061092020e-01  2.5903615338e-01
5.7541384618e-01  3.0986031555e-01  2.5861867045e-01
5.7596133795e-01  3.0911048542e-01  2.5820128158e-01
5.7650882971e-01  3.0836143123e-01  2.5778398754e-01
5.7705632147e-01  3.0761315444e-01  2.5736678907e-01
5.7760381324e-01  3.0686565647e-01  2.5694968695e-01
5.7815130500e-01  3.0611893874e-01  2.5653268192e-01
5.7869879676e-01  3.0537300268e-01  2.5611577473e-01
5.7924628853e-01  3.0462784969e-01  2.5569896614e-01
5.7979378029e-01  3.0388348119e-01  2.5528225691e-01
5.8034127205e-01  3.0313989856e-01  2.5486564778e-01
5.8088876382e-01  3.0239710320e-01  2.5444913950e-01
5.8143625558e-01  3.0165509651e-01  2.5403273282e-01
5.8198374734e-01  3.0091387985e-01  2.5361642848e-01
5.8253123911e-01  3.0017345461e-01  2.5320022723e-01
5.8307873087e-01  2.9943382215e-01  2.5278412981e-01
5.8362622263e-01  2.9869498383e-01  2.5236813696e-01
5.8417371440e-01  2.9795694101e-01  2.5195224943e-01
5.8472120616e-01  2.9721969504e-01  2.5153646795e-01
5.8526869792e-01  2.9648324726e-01  2.5112079326e-01
5.8581618969e-01  2.9574759900e-01  2.5070522609e-01
5.8636368145e-01  2.9501275159e-01  2.5028976718e-01
5.8691117322e-01  2.9427870636e-01  2.4987441726e-01
5.8745866498e-01  2.9354546462e-01  2.4945917706e-01
5.8800615674e-01  2.9281302769e-01  2.4904404731e-01
5.8855364851e-01  2.9208139686e-01  2.4862902875e-01
5.8910114027e-01  2.9135057345e-01  2.4821412209e-01
5.8964863203e-01  2.9062055873e-01  2.4779932806e-01
5.9019612380e-01  2.8989135400e-01  2.4738464739e-01
5.9074361556e-01  2.8916296054e-01  2.4697008081e-01
5.9129110732e-01  2.8843537962e-01  2.4655562902e-01
5.9183859909e-01  2.8770861251e-01  2.4614129275e-01
5.9238609085e-01  2.8698266047e-01  2.4572707273e-01
5.9293358261e-01  2.8625752475e-01  2.4531296966e-01
5.9348107438e-01  2.8553320660e-01  2.4489898426e-01
5.9402856614e-01  2.8480970727e-01  2.4448511725e-01
5.9457605790e-01  2.8408702799e-01  2.4407136934e-01
5.9512354967e-01  2.8336516999e-01  2.4365774123e-01
5.9567104143e-01  2.8264413449e-01  2.4324423365e-01
5.9621853320e-01  2.8192392272e-01  2.4283084729e-01
5.9676602496e-01  2.8120453588e-01  2.4241758286e-01
5.9731351672e-01  2.8048597518e-01  2.4200444107e-01
5.9786100849e-01  2.7976824182e-01  2.4159142262e-01
5.9840850025e-01  2.7905133699e-01  2.4117852822e-01
5.9895599201e-01  2.7833526188e-01  2.4076575856e-01
5.9950348378e-01  2.7762001766e-01  2.4035311434e-01
6.0005097554e-01  2.7690560551e-01  2.3994059627e-01
6.0059846730e-01  2.7619202661e-01  2.3952820503e-01
6.0114595907e-01  2.7547928211e-01  2.3911594132e-01
6.0169345083e-01  2.7476737316e-01  2.3870380583e-01
6.0224094259e-01  2.7405630093e-01  2.3829179927e-01
6.0278843436e-01  2.7334606654e-01  2.3787992230e-01
6.0333592612e-01  2.7263667114e-01  2.3746817564e-01
6.0388341788e-01  2.7192811587e-01  2.3705655996e-01
6.0443090965e-01  2.7122040184e-01  2.3664507594e-01
6.0497840141e-01  2.7051353017e-01  2.3623372428e-01
6.0552589317e-01  2.6980750199e-01  2.3582250565e-01
6.0607338494e-01  2.6910231839e-01  2.3541142074e-01
6.0662087670e-01  2.6839798047e-01  2.3500047023e-01
6.0716836847e-01  2.6769448934e-01  2.3458965479e-01
6.0771586023e-01  2.6699184608e-01  2.3417897510e-01
6.0826335199e-01  2.6629005177e-01  2.3376843184e-01
6.0881084376e-01  2.6558910749e-01  2.3335802569e-01
6.0935833552e-01  2.6488901431e-01  2.3294775730e-01
6.0990582728e-01  2.6418977330e-01  2.3253762736e-01
6.1045331905e-01  2.6349138552e-01  2.3212763654e-01
6.1100081081e-01  2.6279385201e-01  2.3171778550e-01
6.1154830257e-01  2.6209717383e-01  2.3130807490e-01
6.1209579434e-01  2.6140135201e-01  2.3089850543e-01
6.1264328610e-01  2.6070638759e-01  2.3048907772e-01
6.1319077786e-01  2.6001228161e-01  2.3007979246e-01
6.1373826963e-01  2.5931903507e-01  2.2967065030e-01
6.1428576139e-01  2.5862664901e-01  2.2926165190e-01
6.1483325315e-01  2.5793512443e-01  2.2885279792e-01
6.1538074492e-01  2.5724446233e-01  2.2844408901e-01
6.1592823668e-01  2.5655466372e-01  2.2803552582e-01
6.1647572844e-01  2.5586572959e-01  2.2762710902e-01
6.1702322021e-01  2.5517766092e-01  2.2721883925e-01
6.1757071197e-01  2.5449045870e-01  2.2681071716e-01
6.1811820374e-01  2.5380412389e-01  2.2640274341e-01
6.1866569550e-01  2.5311865748e-01  2.2599491862e-01
6.1921318726e-01  2.5243406041e-01  2.2558724347e-01
6.1976067903e-01  2.5175033366e-01  2.2517971858e-01
6.2030817079e-01  2.5106747817e-01  2.2477234459e-01
6.2085566255e-01  2.5038549489e-01  2.2436512216e-01
6.2140315432e-01  2.4970438476e-01  2.2395805192e-01
6.2195064608e-01  2.4902414871e-01  2.2355113451e-01
6.2249813784e-01  2.4834478767e-01  2.2314437056e-01
6.2304562961e-01  2.4766630256e-01  2.2273776071e-01
6.2359312137e-01  2.4698869429e-01  2.2233130559e-01
6.2414061313e-01  2.4631196379e-01  2.2192500584e-01
6.2468810490e-01  2.4563611195e-01  2.2151886209e-01
6.2523559666e-01  2.4496113967e-01  2.2111287495e-01
6.2578308842e-01  2.4428704784e-01  2.2070704507e-01
6.2633058019e-01  2.4361383736e-01  2.2030137307e-01
6.2687807195e-01  2.4294150910e-01  2.1989585956e-01
6.2742556371e-01  2.4227006394e-01  2.1949050519e-01
6.2797305548e-01  2.4159950274e-01  2.1908531055e-01
6.2852054724e-01  2.4092982638e-01  2.1868027628e-01
6.2906803901e-01  2.4026103571e-01  2.1827540300e-01
6.2961553077e-01  2.3959313158e-01  2.1787069132e-01
6.3016302253e-01  2.3892611484e-01  2.1746614185e-01
6.3071051430e-01  2.3825998632e-01  2.1706175521e-01
6.3125800606e-01  2.3759474687e-01  2.1665753201e-01
6.3180549782e-01  2.3693039732e-01  2.1625347286e-01
6.3235298959e-01  2.3626693848e-01  2.1584957837e-01
6.3290048135e-01  2.3560437118e-01  2.1544584915e-01
6.3344797311e-01  2.3494269622e-01  2.1504228581e-01
6.3399546488e-01  2.3428191442e-01  2.1463888894e-01
6.3454295664e-01  2.3362202657e-01  2.1423565916e-01
6.3509044840e-01  2.3296303347e-01  2.1383259706e-01
6.3563794017e-01  2.3230493591e-01  2.1342970324e-01
6.3618543193e-01  2.3164773467e-01  2.1302697831e-01
6.3673292369e-01  2.3099143053e-01  2.1262442285e-01
6.3728041546e-01  2.3033602427e-01  2.1222203747e-01
6.3782790722e-01  2.2968151664e-01  2.1181982276e-01
6.3837539899e-01  2.2902790841e-01  2.1141777930e-01
6.3892289075e-01  2.2837520035e-01  2.1101590770e-01
6.3947038251e-01  2.2772339318e-01  2.1061420854e-01
6.4001787428e-01  2.2707248767e-01  2.1021268241e-01
6.4056536604e-01  2.2642248454e-01  2.0981132989e-01
6.4111285780e-01  2.2577338454e-01  2.0941015157e-01
6.4166034957e-01  2.2512518839e-01  2.0900914803e-01
6.4220784133e-01  2.2447789681e-01  2.0860831986e-01
6.4275533309e-01  2.2383151052e-01  2.0820766763e-01
6.4330282486e-01  2.2318603023e-01  2.0780719193e-01
6.4385031662e-01  2.2254145664e-01  2.0740689332e-01
6.4439780838e-01  2.2189779046e-01  2.0700677240e-01
6.4494530015e-01  2.2125503237e-01  2.0660682972e-01
6.4549279191e-01  2.2061318308e-01  2.0620706586e-01
6.4604028367e-01  2.1997224325e-01  2.0580748140e-01
6.4658777544e-01  2.1933221357e-01  2.0540807690e-01
6.4713526720e-01  2.1869309472e-01  2.0500885294e-01
6.4768275896e-01  2.1805488735e-01  2.0460981007e-01
6.4823025073e-01  2.1741759214e-01  2.0421094886e-01
6.4877774249e-01  2.1678120972e-01  2.0381226988e-01
6.4932523426e-01  2.1614574077e-01  2.0341377369e-01
6.4987272602e-01  2.1551118591e-01  2.0301546084e-01
6.5042021778e-01  2.1487754580e-01  2.0261733191e-01
6.5096770955e-01  2.1424482105e-01  2.0221938743e-01
6.5151520131e-01  2.1361301231e-01  2.0182162798e-01
6.5206269307e-01  2.1298212020e-01  2.0142405410e-01
6.5261018484e-01  2.1235214533e-01  2.0102666634e-01
6.5315767660e-01  2.1172308832e-01  2.0062946526e-01
6.5370516836e-01  2.1109494976e-01  2.0023245141e-01
6.5425266013e-01  2.1046773028e-01  1.9983562533e-01
6.5480015189e-01  2.0984143045e-01  1.9943898758e-01
6.5534764365e-01  2.0921605088e-01  1.9904253869e-01
6.5589513542e-01  2.0859159214e-01  1.9864627921e-01
6.5644262718e-01  2.0796805482e-01  1.9825020968e-01
6.5699011894e-01  2.0734543949e-01  1.9785433064e-01
6.5753761071e-01  2.0672374673e-01  1.9745864263e-01
6.5808510247e-01  2.0610297709e-01  1.9706314619e-01
6.5863259423e-01  2.0548313114e-01  1.9666784185e-01
6.5918008600e-01  2.0486420943e-01  1.9627273015e-01
6.5972757776e-01  2.0424621250e-01  1.9587781161e-01
6.6027506953e-01  2.0362914091e-01  1.9548308678e-01
6.6082256129e-01  2.0301299519e-01  1.9508855618e-01
6.6137005305e-01  2.0239777587e-01  1.9469422034e-01
6.6191754482e-01  2.0178348348e-01  1.9430007978e-01
6.6246503658e-01  2.0117011854e-01  1.9390613503e-01
6.6301252834e-01  2.0055768157e-01  1.9351238662e-01
6.6356002011e-01  1.9994617309e-01  1.9311883506e-01
6.6410751187e-01  1.9933559359e-01  1.9272548087e-01
6.6465500363e-01  1.9872594358e-01  1.9233232458e-01
6.6520249540e-01  1.9811722356e-01  1.9193936671e-01
6.6574998716e-01  1.9750943402e-01  1.9154660776e-01
6.6629747892e-01  1.9690257544e-01  1.9115404825e-01
6.6684497069e-01  1.9629664831e-01  1.9076168869e-01
6.6739246245e-01  1.9569165310e-01  1.9036952960e-01
6.6793995421e-01  1.9508759028e-01  1.8997757148e-01
6.6848744598e-01  1.9448446032e-01  1.8958581485e-01
6.6903493774e-01  1.9388226368e-01  1.8919426021e-01
6.6958242950e-01  1.9328100081e-01  1.8880290806e-01
6.7012992127e-01  1.9268067217e-01  1.8841175891e-01
6.7067741303e-01  1.9208127819e-01  1.8802081326e-01
6.7122490480e-01  1.9148281933e-01  1.8763007161e-01
6.7177239656e-01  1.9088529602e-01  1.8723953446e-01
6.7231988832e-01  1.9028870868e-01  1.8684920231e-01
6.7286738009e-01  1.8969305774e-01  1.8645907565e-01
6.7341487185e-01  1.8909834362e-01  1.8606915497e-01
6.7396236361e-01  1.8850456675e-01  1.8567944078e-01
6.7450985538e-01  1.8791172752e-01  1.8528993355e-01
6.7505734714e-01  1.8731982634e-01  1.8490063379e-01
6.7560483890e-01  1.8672886362e-01  1.8451154197e-01
6.7615233067e-01  1.8613883975e-01  1.8412265859e-01
6.7669982243e-01  1.8554975511e-01  1.8373398413e-01
6.7724731419e-01  1.8496161011e-01  1.8334551907e-01
6.7779480596e-01  1.8437440511e-01  1.8295726390e-01
6.7834229772e-01  1.8378814049e-01  1.8256921910e-01
6.7888978948e-01  1.8320281662e-01  1.8218138514e-01
6.7943728125e-01  1.8261843388e-01  1.8179376250e-01
6.7998477301e-01  1.8203499261e-01  1.8140635166e-01
6.8053226478e-01  1.8145249319e-01  1.8101915310e-01
6.8107975654e-01  1.8087093595e-01  1.8063216728e-01
6.8162724830e-01  1.8029032124e-01  1.8024539468e-01
6.8217474007e-01  1.7971064942e-01  1.7985883576e-01
6.8272223183e-01  1.7913192081e-01  1.7947249101e-01
6.8326972359e-01  1.7855413575e-01  1.7908636087e-01
6.8381721536e-01  1.7797729456e-01  1.7870044582e-01
6.8436470712e-01  1.7740139757e-01  1.7831474632e-01
6.8491219888e-01  1.7682644509e-01  1.7792926284e-01
6.8545969065e-01  1.7625243744e-01  1.7754399582e-01
6.8600718241e-01  1.7567937493e-01  1.7715894574e-01
6.8655467417e-01  1.7510725785e-01  1.7677411305e-01
6.8710216594e-01  1.7453608651e-01  1.7638949820e-01
6.8764965770e-01  1.7396586120e-01  1.7600510165e-01
6.8819714946e-01  1.7339658222e-01  1.7562092385e-01
6.8874464123e-01  1.7282824984e-01  1.7523696526e-01
6.8929213299e-01  1.7226086434e-01  1.7485322632e-01
6.8983962475e-01  1.7169442600e-01  1.7446970748e-01
6.9038711652e-01  1.7112893510e-01  1.7408640919e-01
6.9093460828e-01  1.7056439190e-01  1.7370333189e-01
6.9148210005e-01  1.7000079665e-01  1.7332047603e-01
6.9202959181e-01  1.6943814962e-01  1.7293784205e-01
6.9257708357e-01  1.6887645106e-01  1.7255543039e-01
6.9312457534e-01  1.6831570122e-01  1.7217324149e-01
6.9367206710e-01  1.6775590033e-01  1.7179127578e-01
6.9421955886e-01  1.6719704865e-01  1.7140953371e-01
6.9476705063e-01  1.6663914640e-01  1.7102801570e-01
6.9531454239e-01  1.6608219381e-01  1.7064672220e-01
6.9586203415e-01  1.6552619110e-01  1.7026565363e-01
6.9640952592e-01  1.6497113851e-01  1.6988481041e-01
6.9695701768e-01  1.6441703624e-01  1.6950419299e-01
6.9750450944e-01  1.6386388450e-01  1.6912380179e-01
6.9805200121e-01  1.6331168351e-01  1.6874363723e-01
6.9859949297e-01  1.6276043346e-01  1.6836369974e-01
6.9914698473e-01  1.6221013455e-01  1.6798398973e-01
6.9969447650e-01  1.6166078699e-01  1.6760450764e-01
7.0024196826e-01  1.6111239095e-01  1.6722525388e-01
7.0078946002e-01  1.6056494662e-01  1.6684622886e-01
7.0133695179e-01  1.6001845418e-01  1.6646743301e-01
7.0188444355e-01  1.5947291381e-01  1.6608886674e-01
7.0243193532e-01  1.5892832568e-01  1.6571053046e-01
7.0297942708e-01  1.5838468996e-01  1.6533242458e-01
7.0352691884e-01  1.5784200681e-01  1.6495454952e-01
7.0407441061e-01  1.5730027638e-01  1.6457690568e-01
7.0462190237e-01  1.5675949884e-01  1.6419949347e-01
7.0516939413e-01  1.5621967433e-01  1.6382231330e-01
7.0571688590e-01  1.5568080301e-01  1.6344536557e-01
7.0626437766e-01  1.5514288500e-01  1.6306865068e-01
7.0681186942e-01  1.5460592045e-01  1.6269216903e-01
7.0735936119e-01  1.5406990949e-01  1.6231592103e-01
7.0790685295e-01  1.5353485224e-01  1.6193990707e-01
7.0845434471e-01  1.5300074885e-01  1.6156412755e-01
7.0900183648e-01  1.5246759941e-01  1.6118858287e-01
7.0954932824e-01  1.5193540405e-01  1.6081327341e-01
7.1009682000e-01  1.5140416289e-01  1.6043819957e-01
7.1064431177e-01  1.5087387602e-01  1.6006336174e-01
7.1119180353e-01  1.5034454355e-01  1.5968876031e-01
7.1173929529e-01  1.4981616559e-01  1.5931439567e-01
7.1228678706e-01  1.4928874222e-01  1.5894026820e-01
7.1283427882e-01  1.4876227353e-01  1.5856637828e-01
7.1338177059e-01  1.4823675962e-01  1.5819272631e-01
7.1392926235e-01  1.4771220057e-01  1.5781931266e-01
7.1447675411e-01  1.4718859645e-01  1.5744613771e-01
7.1502424588e-01  1.4666594734e-01  1.5707320184e-01
7.1557173764e-01  1.4614425331e-01  1.5670050543e-01
7.1611922940e-01  1.4562351443e-01  1.5632804886e-01
7.1666672117e-01  1.4510373076e-01  1.5595583249e-01
7.1721421293e-01  1.4458490236e-01  1.5558385671e-01
7.1776170469e-01  1.4406702928e-01  1.5521212187e-01
7.1830919646e-01  1.4355011157e-01  1.5484062836e-01
7.1885668822e-01  1.4303414928e-01  1.5446937654e-01
7.1940417998e-01  1.4251914245e-01  1.5409836677e-01
7.1995167175e-01  1.4200509112e-01  1.5372759941e-01
7.2049916351e-01  1.4149199531e-01  1.5335707485e-01
7.2104665527e-01  1.4097985507e-01  1.5298679342e-01
7.2159414704e-01  1.4046867042e-01  1.5261675550e-01
7.2214163880e-01  1.3995844137e-01  1.5224696145e-01
7.2268913057e-01  1.3944916796e-01  1.5187741162e-01
7.2323662233e-01  1.3894085019e-01  1.5150810636e-01
7.2378411409e-01  1.3843348807e-01  1.5113904603e-01
7.2433160586e-01  1.3792708161e-01  1.5077023099e-01
7.2487909762e-01  1.3742163082e-01  1.5040166159e-01
7.2542658938e-01  1.3691713569e-01  1.5003333817e-01
7.2597408115e-01  1.3641359622e-01  1.4966526108e-01
7.2652157291e-01  1.3591101241e-01  1.4929743068e-01
7.2706906467e-01  1.3540938423e-01  1.4892984731e-01
7.2761655644e-01  1.3490871167e-01  1.4856251130e-01
7.2816404820e-01  1.3440899472e-01  1.4819542301e-01
7.2871153996e-01  1.3391023335e-01  1.4782858278e-01
7.2925903173e-01  1.3341242754e-01  1.4746199094e-01
7.2980652349e-01  1.3291557724e-01  1.4709564783e-01
7.3035401525e-01  1.3241968244e-01  1.4672955379e-01
7.3090150702e-01  1.3192474309e-01  1.4636370916e-01
7.3144899878e-01  1.3143075914e-01  1.4599811426e-01
7.3199649054e-01  1.3093773056e-01  1.4563276944e-01
7.3254398231e-01  1.3044565730e-01  1.4526767502e-01
7.3309147407e-01  1.2995453930e-01  1.4490283133e-01
7.3363896584e-01  1.2946437650e-01  1.4453823870e-01
7.3418645760e-01  1.2897516885e-01  1.4417389745e-01
7.3473394936e-01  1.2848691629e-01  1.4380980791e-01
7.3528144113e-01  1.2799961874e-01  1.4344597041e-01
7.3582893289e-01  1.2751327613e-01  1.4308238526e-01
7.3637642465e-01  1.2702788840e-01  1.4271905279e-01
7.3692391642e-01  1.2654345546e-01  1.4235597332e-01
7.3747140818e-01  1.2605997724e-01  1.4199314715e-01
7.3801889994e-01  1.2557745364e-01  1.4163057462e-01
7.3856639171e-01  1.2509588458e-01  1.4126825603e-01
7.3911388347e-01  1.2461526998e-01  1.4090619169e-01
7.3966137523e-01  1.2413560972e-01  1.4054438193e-01
7.4020886700e-01  1.2365690372e-01  1.4018282704e-01
7.4075635876e-01  1.2317915187e-01  1.3982152733e-01
7.4130385052e-01  1.2270235407e-01  1.3946048313e-01
7.4185134229e-01  1.2222651021e-01  1.3909969472e-01
7.4239883405e-01  1.2175162018e-01  1.3873916241e-01
7.4294632581e-01  1.2127768386e-01  1.3837888651e-01
7.4349381758e-01  1.2080470113e-01  1.3801886732e-01
7.4404130934e-01  1.2033267187e-01  1.3765910514e-01
7.4458880111e-01  1.1986159595e-01  1.3729960026e-01
7.4513629287e-01  1.1939147325e-01  1.3694035298e-01
7.4568378463e-01  1.1892230363e-01  1.3658136360e-01
7.4623127640e-01  1.1845408696e-01  1.3622263242e-01
7.4677876816e-01  1.1798682309e-01  1.3586415972e-01
7.4732625992e-01  1.1752051189e-01  1.3550594579e-01
7.4787375169e-01  1.1705515322e-01  1.3514799093e-01
7.4842124345e-01  1.1659074691e-01  1.3479029542e-01
7.4896873521e-01  1.1612729283e-01  1.3443285955e-01
7.4951622698e-01  1.1566479081e-01  1.3407568360e-01
7.5006371874e-01  1.1520324070e-01  1.3371876787e-01
7.5061121050e-01  1.1474264234e-01  1.3336211263e-01
7.5115870227e-01  1.1428299557e-01  1.3300571816e-01
7.5170619403e-01  1.1382430021e-01  1.3264958475e-01
7.5225368579e-01  1.1336655610e-01  1.3229371266e-01
7.5280117756e-01  1.1290976307e-01  1.3193810219e-01
7.5334866932e-01  1.1245392093e-01  1.3158275359e-01
7.5389616108e-01  1.1199902950e-01  1.3122766715e-01
7.5444365285e-01  1.1154508860e-01  1.3087284314e-01
7.5499114461e-01  1.1109209805e-01  1.3051828183e-01
7.5553863638e-01  1.1064005765e-01  1.3016398348e-01
7.5608612814e-01  1.1018896722e-01  1.2980994836e-01
7.5663361990e-01  1.0973882655e-01  1.2945617674e-01
7.5718111167e-01  1.0928963546e-01  1.2910266889e-01
7.5772860343e-01  1.0884139373e-01  1.2874942507e-01
7.5827609519e-01  1.0839410117e-01  1.2839644553e-01
7.5882358696e-01  1.0794775756e-01  1.2804373055e-01
7.5937107872e-01  1.0750236270e-01  1.2769128037e-01
7.5991857048e-01  1.0705791638e-01  1.2733909527e-01
7.6046606225e-01  1.0661441838e-01  1.2698717548e-01
7.6101355401e-01  1.0617186848e-01  1.2663552128e-01
7.6156104577e-01  1.0573026646e-01  1.2628413290e-01
7.6210853754e-01  1.0528961210e-01  1.2593301061e-01
7.6265602930e-01  1.0484990516e-01  1.2558215466e-01
7.6320352106e-01  1.0441114543e-01  1.2523156528e-01
7.6375101283e-01  1.0397333266e-01  1.2488124274e-01
7.6429850459e-01  1.0353646663e-01  1.2453118728e-01
7.6484599635e-01  1.0310054709e-01  1.2418139914e-01
7.6539348812e-01  1.0266557381e-01  1.2383187856e-01
7.6594097988e-01  1.0223154653e-01  1.2348262580e-01
7.6648847165e-01  1.0179846503e-01  1.2313364108e-01
7.6703596341e-01  1.0136632903e-01  1.2278492465e-01
7.6758345517e-01  1.0093513831e-01  1.2243647675e-01
7.6813094694e-01  1.0050489259e-01  1.2208829761e-01
7.6867843870e-01  1.0007559163e-01  1.2174038746e-01
7.6922593046e-01  9.9647235167e-02  1.2139274655e-01
7.6977342223e-01  9.9219822936e-02  1.2104537510e-01
7.7032091399e-01  9.8793354675e-02  1.2069827335e-01
7.7086840575e-01  9.8367830117e-02  1.2035144152e-01
7.7141589752e-01  9.7943248992e-02  1.2000487984e-01
7.7196338928e-01  9.7519611028e-02  1.1965858854e-01
7.7251088104e-01  9.7096915951e-02  1.1931256784e-01
7.7305837281e-01  9.6675163483e-02  1.1896681797e-01
7.7360586457e-01  9.6254353346e-02  1.1862133915e-01
7.7415335633e-01  9.5834485257e-02  1.1827613160e-01
7.7470084810e-01  9.5415558932e-02  1.1793119554e-01
7.7524833986e-01  9.4997574083e-02  1.1758653118e-01
7.7579583163e-01  9.4580530422e-02  1.1724213875e-01
7.7634332339e-01  9.4164427657e-02  1.1689801846e-01
7.7689081515e-01  9.3749265494e-02  1.1655417053e-01
7.7743830692e-01  9.3335043635e-02  1.1621059516e-01
7.7798579868e-01  9.2921761783e-02  1.1586729256e-01
7.7853329044e-01  9.2509419636e-02  1.1552426295e-01
7.7908078221e-01  9.2098016891e-02  1.1518150654e-01
7.7962827397e-01  9.1687553241e-02  1.1483902353e-01
7.8017576573e-01  9.1278028379e-02  1.1449681412e-01
7.8072325750e-01  9.0869441994e-02  1.1415487853e-01
7.8127074926e-01  9.0461793774e-02  1.1381321695e-01
7.8181824102e-01  9.0055083403e-02  1.1347182958e-01
7.8236573279e-01  8.9649310564e-02  1.1313071662e-01
7.8291322455e-01  8.9244474938e-02  1.1278987828e-01
7.8346071631e-01  8.8840576204e-02  1.1244931475e-01
7.8400820808e-01  8.8437614037e-02  1.1210902622e-01
7.8455569984e-01  8.8035588112e-02  1.1176901288e-01
7.8510319160e-01  8.7634498101e-02  1.1142927494e-01
7.8565068337e-01  8.7234343674e-02  1.1108981258e-01
7.8619817513e-01  8.6835124505e-02  1.1075062600e-01
7.8674566690e-01  8.6436840259e-02  1.1041171538e-01
7.8729315866e-01  8.6039490598e-02  1.1007308092e-01
7.8784065042e-01  8.5643075186e-02  1.0973472279e-01
7.8838814219e-01  8.5247593680e-02  1.0939664119e-01
7.8893563395e-01  8.4853045739e-02  1.0905883628e-01
7.8948312571e-01  8.4459431017e-02  1.0872130827e-01
7.9003061748e-01  8.4066749169e-02  1.0838405732e-01
7.9057810924e-01  8.3674999846e-02  1.0804708361e-01
7.9112560100e-01  8.3284182699e-02  1.0771038732e-01
7.9167309277e-01  8.2894297374e-02  1.0737396863e-01
7.9222058453e-01  8.2505343519e-02  1.0703782772e-01
7.9276807629e-01  8.2117320777e-02  1.0670196475e-01
7.9331556806e-01  8.1730228792e-02  1.0636637989e-01
7.9386305982e-01  8.1344067204e-02  1.0603107333e-01
7.9441055158e-01  8.0958835652e-02  1.0569604522e-01
7.9495804335e-01  8.0574533774e-02  1.0536129574e-01
7.9550553511e-01  8.0191161204e-02  1.0502682505e-01
7.9605302687e-01  7.9808717578e-02  1.0469263332e-01
7.9660051864e-01  7.9427202526e-02  1.0435872071e-01
7.9714801040e-01  7.9046615681e-02  1.0402508738e-01
7.9769550217e-01  7.8666956670e-02  1.0369173350e-01
7.9824299393e-01  7.8288225121e-02  1.0335865922e-01
7.9879048569e-01  7.7910420659e-02  1.0302586471e-01
7.9933797746e-01  7.7533542909e-02  1.0269335011e-01
7.9988546922e-01  7.7157591492e-02  1.0236111560e-01
8.0043296098e-01  7.6782566031e-02  1.0202916131e-01
8.0098045275e-01  7.6408466144e-02  1.0169748742e-01
8.0152794451e-01  7.6035291449e-02  1.0136609405e-01
8.0207543627e-01  7.5663041563e-02  1.0103498138e-01
8.0262292804e-01  7.5291716100e-02  1.0070414954e-01
8.0317041980e-01  7.4921314674e-02  1.0037359868e-01
8.0371791156e-01  7.4551836897e-02  1.0004332896e-01
8.0426540333e-01  7.4183282379e-02  9.9713340513e-02
8.0481289509e-01  7.3815650730e-02  9.9383633485e-02
8.0536038685e-01  7.3448941557e-02  9.9054208019e-02
8.0590787862e-01  7.3083154467e-02  9.8725064258e-02
8.0645537038e-01  7.2718289065e-02  9.8396202339e-02
8.0700286214e-01  7.2354344954e-02  9.8067622403e-02
8.0755035391e-01  7.1991321737e-02  9.7739324585e-02
8.0809784567e-01  7.1629219016e-02  9.7411309023e-02
8.0864533744e-01  7.1268036390e-02  9.7083575850e-02
8.0919282920e-01  7.0907773458e-02  9.6756125199e-02
8.0974032096e-01  7.0548429817e-02  9.6428957203e-02
8.1028781273e-01  7.0190005064e-02  9.6102071992e-02
8.1083530449e-01  6.9832498793e-02  9.5775469695e-02
8.1138279625e-01  6.9475910599e-02  9.5449150439e-02
8.1193028802e-01  6.9120240075e-02  9.5123114352e-02
8.1247777978e-01  6.8765486812e-02  9.4797361558e-02
8.1302527154e-01  6.8411650400e-02  9.4471892181e-02
8.1357276331e-01  6.8058730430e-02  9.4146706344e-02
8.1412025507e-01  6.7706726490e-02  9.3821804167e-02
8.1466774683e-01  6.7355638167e-02  9.3497185771e-02
8.1521523860e-01  6.7005465047e-02  9.3172851273e-02
8.1576273036e-01  6.6656206717e-02  9.2848800791e-02
8.1631022212e-01  6.6307862761e-02  9.2525034441e-02
8.1685771389e-01  6.5960432762e-02  9.2201552337e-02
8.1740520565e-01  6.5613916303e-02  9.1878354591e-02
8.1795269742e-01  6.5268312966e-02  9.1555441317e-02
8.1850018918e-01  6.4923622332e-02  9.1232812623e-02
8.1904768094e-01  6.4579843980e-02  9.0910468620e-02
8.1959517271e-01  6.4236977491e-02  9.0588409415e-02
8.2014266447e-01  6.3895022442e-02  9.0266635113e-02
8.2069015623e-01  6.3553978412e-02  8.9945145821e-02
8.2123764800e-01  6.3213844977e-02  8.9623941642e-02
8.2178513976e-01  6.2874621713e-02  8.9303022678e-02
8.2233263152e-01  6.2536308200e-02  8.8982389034e-02
8.2288012329e-01  6.2198904015e-02  8.8662040811e-02
8.2342761505e-01  6.1862408731e-02  8.8341978107e-02
8.2397510681e-01  6.1526821922e-02  8.8022201020e-02
8.2452259858e-01  6.1192143161e-02  8.7702709645e-02
8.2507009034e-01  6.0858372020e-02  8.7383504076e-02
8.2561758210e-01  6.0525508072e-02  8.7064584407e-02
8.2616507387e-01  6.0193550888e-02  8.6745950729e-02
8.2671256563e-01  5.9862500038e-02  8.6427603133e-02
8.2726005739e-01  5.9532355095e-02  8.6109541708e-02
8.2780754916e-01  5.9203115627e-02  8.5791766542e-02
8.2835504092e-01  5.8874781206e-02  8.5474277723e-02
8.2890253269e-01  5.8547351400e-02  8.5157075335e-02
8.2945002445e-01  5.8220825779e-02  8.4840159464e-02
8.2999751621e-01  5.7895203913e-02  8.4523530191e-02
8.3054500798e-01  5.7570485370e-02  8.4207187599e-02
8.3109249974e-01  5.7246669718e-02  8.3891131769e-02
8.3163999150e-01  5.6923756527e-02  8.3575362779e-02
8.3218748327e-01  5.6601745365e-02  8.3259880707e-02
8.3273497503e-01  5.6280635799e-02  8.2944685631e-02
8.3328246679e-01  5.5960427398e-02  8.2629777625e-02
8.3382995856e-01  5.5641119730e-02  8.2315156765e-02
8.3437745032e-01  5.5322712362e-02  8.2000823122e-02
8.3492494208e-01  5.5005204864e-02  8.1686776768e-02
8.3547243385e-01  5.4688596802e-02  8.1373017775e-02
8.3601992561e-01  5.4372887744e-02  8.1059546211e-02
8.3656741737e-01  5.4058077259e-02  8.0746362143e-02
8.3711490914e-01  5.3744164915e-02  8.0433465639e-02
8.3766240090e-01  5.3431150280e-02  8.0120856765e-02
8.3820989266e-01  5.3119032922e-02  7.9808535583e-02
8.3875738443e-01  5.2807812410e-02  7.9496502157e-02
8.3930487619e-01  5.2497488313e-02  7.9184756549e-02
8.3985236796e-01  5.2188060199e-02  7.8873298818e-02
8.4039985972e-01  5.1879527639e-02  7.8562129025e-02
8.4094735148e-01  5.1571890201e-02  7.8251247226e-02
8.4149484325e-01  5.1265147455e-02  7.7940653478e-02
8.4204233501e-01  5.0959298973e-02  7.7630347837e-02
8.4258982677e-01  5.0654344323e-02  7.7320330356e-02
8.4313731854e-01  5.0350283079e-02  7.7010601089e-02
8.4368481030e-01  5.0047114810e-02  7.6701160086e-02
8.4423230206e-01  4.9744839090e-02  7.6392007399e-02
8.4477979383e-01  4.9443455490e-02  7.6083143075e-02
8.4532728559e-01  4.9142963584e-02  7.5774567163e-02
8.4587477735e-01  4.8843362946e-02  7.5466279710e-02
8.4642226912e-01  4.8544653150e-02  7.5158280759e-02
8.4696976088e-01  4.8246833771e-02  7.4850570356e-02
8.4751725264e-01  4.7949904385e-02  7.4543148543e-02
8.4806474441e-01  4.7653864568e-02  7.4236015361e-02
8.4861223617e-01  4.7358713898e-02  7.3929170850e-02
8.4915972793e-01  4.7064451952e-02  7.3622615050e-02
8.4970721970e-01  4.6771078310e-02  7.3316347998e-02
8.5025471146e-01  4.6478592550e-02  7.3010369730e-02
8.5080220323e-01  4.6186994254e-02  7.2704680282e-02
8.5134969499e-01  4.5896283004e-02  7.2399279687e-02
8.5189718675e-01  4.5606458381e-02  7.2094167977e-02
8.5244467852e-01  4.5317519970e-02  7.1789345185e-02
8.5299217028e-01  4.5029467355e-02  7.1484811340e-02
8.5353966204e-01  4.4742300122e-02  7.1180566471e-02
8.5408715381e-01  4.4456017857e-02  7.0876610606e-02
8.5463464557e-01  4.4170620149e-02  7.0572943770e-02
8.5518213733e-01  4.3886106588e-02  7.0269565989e-02
8.5572962910e-01  4.3602476763e-02  6.9966477287e-02
8.5627712086e-01  4.3319730267e-02  6.9663677685e-02
8.5682461262e-01  4.3037866692e-02  6.9361167206e-02
8.5737210439e-01  4.2756885634e-02  6.9058945869e-02
8.5791959615e-01  4.2476786688e-02  6.8757013693e-02
8.5846708791e-01  4.2197569454e-02  6.8455370699e-02
8.5901457968e-01  4.1919233533e-02  6.8154016903e-02
8.5956207144e-01  4.1641778525e-02  6.7852952320e-02
8.6010956321e-01  4.1365204032e-02  6.7552176965e-02
8.6065705497e-01  4.1089509657e-02  6.7251690849e-02
8.6120454673e-01  4.0814695007e-02  6.6951493985e-02
8.6175203850e-01  4.0540759689e-02  6.6651586381e-02
8.6229953026e-01  4.0267703312e-02  6.6351968048e-02
8.6284702202e-01  3.9995525487e-02  6.6052638992e-02
8.6339451379e-01  3.9724225826e-02  6.5753599220e-02
8.6394200555e-01  3.9453803946e-02  6.5454848738e-02
8.6448949731e-01  3.9184259462e-02  6.5156387549e-02
8.6503698908e-01  3.8915591994e-02  6.4858215657e-02
8.6558448084e-01  3.8647801164e-02  6.4560333062e-02
8.6613197260e-01  3.8380886593e-02  6.4262739767e-02
8.6667946437e-01  3.8114847909e-02  6.3965435769e-02
8.6722695613e-01  3.7849684739e-02  6.3668421067e-02
8.6777444789e-01  3.7585396712e-02  6.3371695658e-02
8.6832193966e-01  3.7321983462e-02  6.3075259538e-02
8.6886943142e-01  3.7059444623e-02  6.2779112701e-02
8.6941692318e-01  3.6797779833e-02  6.2483255140e-02
8.6996441495e-01  3.6536988731e-02  6.2187686849e-02
8.7051190671e-01  3.6277070961e-02  6.1892407816e-02
8.7105939848e-01  3.6018026167e-02  6.1597418033e-02
8.7160689024e-01  3.5759853998e-02  6.1302717488e-02
8.7215438200e-01  3.5502554103e-02  6.1008306168e-02
8.7270187377e-01  3.5246126137e-02  6.0714184059e-02
8.7324936553e-01  3.4990569756e-02  6.0420351147e-02
8.7379685729e-01  3.4735884618e-02  6.0126807414e-02
8.7434434906e-01  3.4482070387e-02  5.9833552844e-02
8.7489184082e-01  3.4229126727e-02  5.9540587418e-02
8.7543933258e-01  3.3977053307e-02  5.9247911116e-02
8.7598682435e-01  3.3725849799e-02  5.8955523917e-02
8.7653431611e-01  3.3475515876e-02  5.8663425799e-02
8.7708180787e-01  3.3226051219e-02  5.8371616738e-02
8.7762929964e-01  3.2977455507e-02  5.8080096710e-02
8.7817679140e-01  3.2729728425e-02  5.7788865689e-02
8.7872428316e-01  3.2482869664e-02  5.7497923648e-02
8.7927177493e-01  3.2236878913e-02  5.7207270558e-02
8.7981926669e-01  3.1991755869e-02  5.6916906391e-02
8.8036675845e-01  3.1747500231e-02  5.6626831116e-02
8.8091425022e-01  3.1504111703e-02  5.6337044700e-02
8.8146174198e-01  3.1261589991e-02  5.6047547111e-02
8.8200923375e-01  3.1019934806e-02  5.5758338314e-02
8.8255672551e-01  3.0779145864e-02  5.5469418275e-02
8.8310421727e-01  3.0539222882e-02  5.5180786957e-02
8.8365170904e-01  3.0300165584e-02  5.4892444321e-02
8.8419920080e-01  3.0061973698e-02  5.4604390329e-02
8.8474669256e-01  2.9824646956e-02  5.4316624941e-02
8.8529418433e-01  2.9588185092e-02  5.4029148115e-02
8.8584167609e-01  2.9352587848e-02  5.3741959809e-02
8.8638916785e-01  2.9117854969e-02  5.3455059979e-02
8.8693665962e-01  2.8883986205e-02  5.3168448580e-02
8.8748415138e-01  2.8650981309e-02  5.2882125565e-02
8.8803164314e-01  2.8418840042e-02  5.2596090888e-02
8.8857913491e-01  2.8187562167e-02  5.2310344500e-02
8.8912662667e-01  2.7957147453e-02  5.2024886351e-02
8.8967411843e-01  2.7727595675e-02  5.1739716390e-02
8.9022161020e-01  2.7498906611e-02  5.1454834565e-02
8.9076910196e-01  2.7271080047e-02  5.1170240823e-02
8.9131659372e-01  2.7044115773e-02  5.0885935108e-02
8.9186408549e-01  2.6818013584e-02  5.0601917366e-02
8.9241157725e-01  2.6592773280e-02  5.0318187540e-02
8.9295906902e-01  2.6368394669e-02  5.0034745571e-02
8.9350656078e-01  2.6144877562e-02  4.9751591399e-02
8.9405405254e-01  2.5922221780e-02  4.9468724967e-02
8.9460154431e-01  2.5700427146e-02  4.9186146211e-02
8.9514903607e-01  2.5479493491e-02  4.8903855069e-02
8.9569652783e-01  2.5259420650e-02  4.8621851478e-02
8.9624401960e-01  2.5040208468e-02  4.8340135372e-02
8.9679151136e-01  2.4821856793e-02  4.8058706684e-02
8.9733900312e-01  2.4604365481e-02  4.7777565348e-02
8.9788649489e-01  2.4387734395e-02  4.7496711294e-02
8.9843398665e-01  2.4171963403e-02  4.7216144453e-02
8.9898147841e-01  2.3957052382e-02  4.6935864753e-02
8.9952897018e-01  2.3743001216e-02  4.6655872124e-02
9.0007646194e-01  2.3529809793e-02  4.6376166490e-02
9.0062395370e-01  2.3317478013e-02  4.6096747778e-02
9.0117144547e-01  2.3106005779e-02  4.5817615911e-02
9.0171893723e-01  2.2895393004e-02  4.5538770814e-02
9.0226642900e-01  2.2685639609e-02  4.5260212408e-02
9.0281392076e-01  2.2476745521e-02  4.4981940613e-02
9.0336141252e-01  2.2268710676e-02  4.4703955350e-02
9.0390890429e-01  2.2061535019e-02  4.4426256537e-02
9.0445639605e-01  2.1855218501e-02  4.4148844090e-02
9.0500388781e-01  2.1649761083e-02  4.3871717927e-02
9.0555137958e-01  2.1445162734e-02  4.3594877962e-02
9.0609887134e-01  2.1241423431e-02  4.3318324109e-02
9.0664636310e-01  2.1038543163e-02  4.3042056279e-02
9.0719385487e-01  2.0836521924e-02  4.2766074386e-02
9.0774134663e-01  2.0635359718e-02  4.2490378339e-02
9.0828883839e-01  2.0435056561e-02  4.2214968047e-02
9.0883633016e-01  2.0235612476e-02  4.1939843417e-02
9.0938382192e-01  2.0037027497e-02  4.1665004358e-02
9.0993131368e-01  1.9839301666e-02  4.1390450773e-02
9.1047880545e-01  1.9642435036e-02  4.1116182568e-02
9.1102629721e-01  1.9446427672e-02  4.0842199646e-02
9.1157378897e-01  1.9251279648e-02  4.0568501908e-02
9.1212128074e-01  1.9056991047e-02  4.0295089256e-02
9.1266877250e-01  1.8863561965e-02  4.0021961589e-02
9.1321626427e-01  1.8670992509e-02  3.9749118806e-02
9.1376375603e-01  1.8479282796e-02  3.9476560804e-02
9.1431124779e-01  1.8288432954e-02  3.9204287479e-02
9.1485873956e-01  1.8098443126e-02  3.8932298727e-02
9.1540623132e-01  1.7909313463e-02  3.8660594440e-02
9.1595372308e-01  1.7721044130e-02  3.8389174512e-02
9.1650121485e-01  1.7533635303e-02  3.8118038834e-02
9.1704870661e-01  1.7347087173e-02  3.7847187297e-02
9.1759619837e-01  1.7161399941e-02  3.7576619789e-02
9.1814369014e-01  1.6976573823e-02  3.7306336199e-02
9.1869118190e-01  1.6792609048e-02  3.7036336413e-02
9.1923867366e-01  1.6609505857e-02  3.6766620317e-02
9.1978616543e-01  1.6427264508e-02  3.6497187795e-02
9.2033365719e-01  1.6245885268e-02  3.6228038730e-02
9.2088114895e-01  1.6065368424e-02  3.5959173006e-02
9.2142864072e-01  1.5885714275e-02  3.5690590501e-02
9.2197613248e-01  1.5706923133e-02  3.5422291097e-02
9.2252362424e-01  1.5528995329e-02  3.5154274672e-02
9.2307111601e-01  1.5351931208e-02  3.4886541104e-02
9.2361860777e-01  1.5175731130e-02  3.4619090267e-02
9.2416609954e-01  1.5000395472e-02  3.4351922038e-02
9.2471359130e-01  1.4825924627e-02  3.4085036291e-02
9.2526108306e-01  1.4652319006e-02  3.3818432898e-02
9.2580857483e-01  1.4479579035e-02  3.3552111730e-02
9.2635606659e-01  1.4307705161e-02  3.3286072658e-02
9.2690355835e-01  1.4136697845e-02  3.3020315552e-02
9.2745105012e-01  1.3966557569e-02  3.2754840279e-02
9.2799854188e-01  1.3797284833e-02  3.2489646706e-02
9.2854603364e-01  1.3628880154e-02  3.2224734695e-02
9.2909352541e-01  1.3461344066e-02  3.1960104108e-02
9.2964101717e-01  1.3294677130e-02  3.1695754807e-02
9.3018850893e-01  1.3128879923e-02  3.1431686657e-02
9.3073600070e-01  1.2963953046e-02  3.1167899518e-02
9.3128349246e-01  1.2799897119e-02  3.0904393250e-02
9.3183098422e-01  1.2636712785e-02  3.0641167713e-02
9.3237847599e-01  1.2474400707e-02  3.0378222764e-02
9.3292596775e-01  1.2312961573e-02  3.0115558260e-02
9.3347345951e-01  1.2152396093e-02  2.9853174056e-02
9.3402095128e-01  1.1992705000e-02  2.9591070006e-02
9.3456844304e-01  1.1833889053e-02  2.9329245962e-02
9.3511593481e-01  1.1675949033e-02  2.9067701776e-02
9.3566342657e-01  1.1518885748e-02  2.8806437299e-02
9.3621091833e-01  1.1362700031e-02  2.8545452378e-02
9.3675841010e-01  1.1207392743e-02  2.8284746862e-02
9.3730590186e-01  1.1052964770e-02  2.8024320597e-02
9.3785339362e-01  1.0899417027e-02  2.7764173428e-02
9.3840088539e-01  1.0746750456e-02  2.7504305198e-02
9.3894837715e-01  1.0594966030e-02  2.7244715751e-02
9.3949586891e-01  1.0444064750e-02  2.6985404928e-02
9.4004336068e-01  1.0294047648e-02  2.6726372568e-02
9.4059085244e-01  1.0144915787e-02  2.6467618511e-02
9.4113834420e-01  9.9966702630e-03  2.6209142593e-02
9.4168583597e-01  9.8493122033e-03  2.5950944652e-02
9.4223332773e-01  9.7028427695e-03  2.5693024522e-02
9.4278081949e-01  9.5572631575e-03  2.5435382036e-02
9.4332831126e-01  9.4125745985e-03  2.5178017028e-02
9.4387580302e-01  9.2687783598e-03  2.4920929328e-02
9.4442329478e-01  9.1258757459e-03  2.4664118767e-02
9.4497078655e-01  8.9838680995e-03  2.4407585172e-02
9.4551827831e-01  8.8427568024e-03  2.4151328372e-02
9.4606577008e-01  8.7025432764e-03  2.3895348191e-02
9.4661326184e-01  8.5632289846e-03  2.3639644457e-02
9.4716075360e-01  8.4248154327e-03  2.3384216991e-02
9.4770824537e-01  8.2873041695e-03  2.3129065616e-02
9.4825573713e-01  8.1506967887e-03  2.2874190153e-02
9.4880322889e-01  8.0149949301e-03  2.2619590422e-02
9.4935072066e-01  7.8802002806e-03  2.2365266241e-02
9.4989821242e-01  7.7463145757e-03  2.2111217429e-02
9.5044570418e-01  7.6133396009e-03  2.1857443800e-02
9.5099319595e-01  7.4812771932e-03  2.1603945169e-02
9.5154068771e-01  7.3501292424e-03  2.1350721350e-02
9.5208817947e-01  7.2198976930e-03  2.1097772155e-02
9.5263567124e-01  7.0905845455e-03  2.0845097396e-02
9.5318316300e-01  6.9621918582e-03  2.0592696880e-02
9.5373065476e-01  6.8347217493e-03  2.0340570418e-02
9.5427814653e-01  6.7081763980e-03  2.0088717816e-02
9.5482563829e-01  6.5825580473e-03  1.9837138880e-02
9.5537313006e-01  6.4578690051e-03  1.9585833415e-02
9.5592062182e-01  6.3341116472e-03  1.9334801224e-02
9.5646811358e-01  6.2112884188e-03  1.9084042108e-02
9.5701560535e-01  6.0894018369e-03  1.8833555870e-02
9.5756309711e-01  5.9684544930e-03  1.8583342308e-02
9.5811058887e-01  5.8484490552e-03  1.8333401221e-02
9.5865808064e-01  5.7293882711e-03  1.8083732405e-02
9.5920557240e-01  5.6112749702e-03  1.7834335657e-02
9.5975306416e-01  5.4941120671e-03  1.7585210770e-02
9.6030055593e-01  5.3779025644e-03  1.7336357539e-02
9.6084804769e-01  5.2626495554e-03  1.7087775755e-02
9.6139553945e-01  5.1483562282e-03  1.6839465209e-02
9.6194303122e-01  5.0350258684e-03  1.6591425690e-02
9.6249052298e-01  4.9226618630e-03  1.6343656986e-02
9.6303801474e-01  4.8112677046e-03  1.6096158884e-02
9.6358550651e-01  4.7008469941e-03  1.5848931169e-02
9.6413299827e-01  4.5914034425e-03  1.5601973616e-02
9.6468049003e-01  4.4829408818e-03  1.5355286005e-02
9.6522798180e-01  4.3754632675e-03  1.5108868116e-02
9.6577547356e-01  4.2689746822e-03  1.4862719729e-02
9.6632296533e-01  4.1634793417e-03  1.4616840622e-02
9.6687045709e-01  4.0589815998e-03  1.4371230570e-02
9.6741794885e-01  3.9554859544e-03  1.4125889347e-02
9.6796544062e-01  3.8529970540e-03  1.3880816726e-02
9.6851293238e-01  3.7515197038e-03  1.3636012479e-02
9.6906042414e-01  3.6510588732e-03  1.3391476375e-02
9.6960791591e-01  3.5516197027e-03  1.3147208181e-02
9.7015540767e-01  3.4532075125e-03  1.2903207663e-02
9.7070289943e-01  3.3558278101e-03  1.2659474588e-02
9.7125039120e-01  3.2594863000e-03  1.2416008716e-02
9.7179788296e-01  3.1641888929e-03  1.2172809811e-02
9.7234537472e-01  3.0699417158e-03  1.1929877631e-02
9.7289286649e-01  2.9767511232e-03  1.1687211935e-02
9.7344035825e-01  2.8846237090e-03  1.1444812480e-02
9.7398785001e-01  2.7935663186e-03  1.1202679020e-02
9.7453534178e-01  2.7035860624e-03  1.0960811309e-02
9.7508283354e-01  2.6146903310e-03  1.0719209098e-02
9.7563032530e-01  2.5268868099e-03  1.0477872138e-02
9.7617781707e-01  2.4401834972e-03  1.0236800178e-02
9.7672530883e-01  2.3545887213e-03  9.9959929631e-03
9.7727280060e-01  2.2701111608e-03  9.7554502402e-03
9.7782029236e-01  2.1867598660e-03  9.5151717525e-03
9.7836778412e-01  2.1045442820e-03  9.2751572421e-03
9.7891527589e-01  2.0234742743e-03  9.0354064496e-03
9.7946276765e-01  1.9435601562e-03  8.7959191138e-03
9.8001025941e-01  1.8648127192e-03  8.5566949720e-03
9.8055775118e-01  1.7872432658e-03  8.3177337599e-03
9.8110524294e-01  1.7108636463e-03  8.0790352112e-03
9.8165273470e-01  1.6356862968e-03  7.8405990514e-03
9.8220022647e-01  1.5617242868e-03  7.6024250091e-03
9.8274771823e-01  1.4889913676e-03  7.3645128129e-03
9.8329520999e-01  1.4175020261e-03  7.1268621893e-03
9.8384270176e-01  1.3472715453e-03  6.8894728624e-03
9.8439019352e-01  1.2783160726e-03  6.6523445536e-03
9.8493768528e-01  1.2106526960e-03  6.4154769823e-03
9.8548517705e-01  1.1442995300e-03  6.1788698649e-03
9.8603266881e-01  1.0792758132e-03  5.9425229160e-03
9.8658016057e-01  1.0156020191e-03  5.7064358474e-03
9.8712765234e-01  9.5329998246e-04  5.4706083685e-03
9.8767514410e-01  8.9239304439e-04  5.2350401865e-03
9.8822263587e-01  8.3290622043e-04  4.9997310059e-03
9.8877012763e-01  7.7486639530e-04  4.7646805289e-03
9.8931761939e-01  7.1830255103e-04  4.5298884554e-03
9.8986511116e-01  6.6324603563e-04  4.2953544827e-03
9.9041260292e-01  6.0973088239e-04  4.0610783057e-03
9.9096009468e-01  5.5779419242e-04  3.8270596170e-03
9.9150758645e-01  5.0747659784e-04  3.5932981067e-03
9.9205507821e-01  4.5882282848e-04  3.3597934625e-03
9.9260256997e-01  4.1188241408e-04  3.1265453696e-03
9.9315006174e-01  3.6671056661e-04  2.8935535109e-03
9.9369755350e-01  3.2336930664e-04  2.6608175667e-03
9.9424504526e-01  2.8192892678e-04  2.4283372073e-03
9.9479253703e-01  2.4246993917e-04  2.1961120984e-03
9.9534002879e-01  2.0508572972e-04  1.9641419153e-03
9.9588752055e-01  1.6988628088e-04  1.7324263265e-03
9.9643501232e-01  1.3700360409e-04  1.5009649938e-03
9.9698250408e-01  1.0660003909e-04  1.2697575723e-03
9.9752999585e-01  7.8881722411e-05  1.0388037103e-03
9.9807748761e-01  5.4122302633e-05  8.0810304964e-04
9.9862497937e-01  3.2709899205e-05  5.7765522509e-04
9.9917247114e-01  1.5259247475e-05  3.4745986490e-04
9.9971996290e-01  3.0014072085e-06  1.1751659054e-04
